,SYMBOL,SERIES,OPEN,HIGH,LOW,CLOSE,LAST,PREVCLOSE,TOTTRDQTY,TOTTRDVAL,TIMESTAMP,TOTALTRADES,ISIN
0,20MICRONS,EQ,30.75,36.7,30.35,36.7,36.7,30.6,255207,8786916.6,12-JAN-2015,1509,INE144J01027
1,3IINFOTECH,EQ,8.8,9.25,8.75,9.1,9.2,8.9,1561964,14111629.05,12-JAN-2015,1764,INE748C01020
2,3MINDIA,EQ,6494.35,6494.35,6401.0,6409.25,6401.05,6438.05,232,1490966.9,12-JAN-2015,61,INE470A01017
3,8KMILES,EQ,773.5,777.7,743.1,758.1,757.65,764.95,148265,112720111.25,12-JAN-2015,8314,INE650K01013
4,A2ZINFRA,EQ,22.0,22.0,19.2,20.05,20.1,21.1,248086,5063326.05,12-JAN-2015,1011,INE619I01012
5,AARTIDRUGS,EQ,981.0,1060.0,981.0,1010.6,1004.0,1003.3,91687,94068261.8,12-JAN-2015,2717,INE767A01016
6,AARTIIND,EQ,252.0,255.0,247.95,251.6,252.8,251.75,27778,7004753.15,12-JAN-2015,1215,INE769A01020
7,AARVEEDEN,EQ,44.3,46.0,44.25,45.95,45.95,45.1,2563,115706.85,12-JAN-2015,30,INE273D01019
8,ABAN,EQ,495.4,497.8,486.0,492.8,492.0,496.7,635275,311909358.75,12-JAN-2015,16571,INE421A01028
9,ABB,EQ,1272.9,1279.95,1259.4,1267.0,1265.0,1265.05,35173,44675473.15,12-JAN-2015,2102,INE117A01022
10,ABBOTINDIA,EQ,4150.1,4213.95,4039.95,4118.65,4170.0,4174.75,3820,15649280.1,12-JAN-2015,911,INE358A01014
11,ABCIL,EQ,221.95,226.0,216.05,217.65,217.1,219.5,9961,2186756.25,12-JAN-2015,383,INE605B01016
12,ABGSHIP,EQ,220.0,220.9,215.75,216.75,216.0,219.65,56058,12251066.1,12-JAN-2015,864,INE067H01016
13,ABIRLANUVO,EQ,1707.8,1745.0,1695.8,1718.05,1721.05,1705.65,200324,344036648.9,12-JAN-2015,11584,INE069A01017
14,ACC,EQ,1400.0,1409.25,1390.1,1404.6,1406.8,1398.5,158639,222282458.45,12-JAN-2015,7358,INE012A01025
15,ACCELYA,EQ,985.05,1000.0,980.15,987.0,980.5,988.05,3494,3464865.2,12-JAN-2015,464,INE793A01012
16,ACE,EQ,39.5,39.6,38.1,39.15,39.05,39.25,115351,4516486.25,12-JAN-2015,634,INE731H01025
17,ACROPETAL,BE,3.75,3.75,3.6,3.6,3.6,3.75,24025,86890.75,12-JAN-2015,47,INE055L01013
18,ADANIENT,EQ,510.65,522.4,510.0,514.55,514.65,506.65,1885648,975244413.25,12-JAN-2015,30473,INE423A01024
19,ADANIPORTS,EQ,332.15,335.75,325.55,328.45,327.45,331.15,2990475,983857451.85,12-JAN-2015,44860,INE742F01042
20,ADANIPOWER,EQ,45.0,46.9,44.55,46.75,46.8,44.75,6675511,306685038.35,12-JAN-2015,17078,INE814H01011
21,ADFFOODS,EQ,69.95,76.35,69.3,75.05,74.7,69.95,310298,22968921.6,12-JAN-2015,2502,INE982B01019
22,ADHUNIK,EQ,22.5,23.4,22.5,23.1,22.95,22.95,58502,1331734.45,12-JAN-2015,689,INE400H01019
23,ADORWELD,EQ,200.05,214.4,200.05,212.95,214.0,201.95,12258,2548498.65,12-JAN-2015,428,INE045A01017
24,ADSL,EQ,21.15,22.35,21.0,22.05,22.0,21.15,44262,973175.7,12-JAN-2015,291,INE102I01027
25,ADVANIHOTR,EQ,56.0,59.0,54.0,59.0,59.0,54.8,4706,264661.25,12-JAN-2015,40,INE199C01026
26,ADVANTA,EQ,354.95,362.0,354.95,359.8,359.1,354.65,25739,9249238.7,12-JAN-2015,726,INE517H01028
27,AEGISCHEM,EQ,441.65,448.0,435.05,437.0,436.0,441.45,15403,6799049.35,12-JAN-2015,738,INE208C01017
28,AFL,EQ,93.2,97.15,90.2,95.4,95.8,93.35,23752,2229172.8,12-JAN-2015,219,INE020G01017
29,AFTEK,BE,6.35,6.9,6.35,6.45,6.45,6.65,84133,540566.35,12-JAN-2015,64,INE796A01023
30,AGARIND,EQ,142.0,142.0,135.05,138.65,139.6,134.95,30484,4203751.45,12-JAN-2015,167,INE204E01012
31,AGCNET,EQ,75.1,79.8,75.1,76.7,76.0,78.25,3964,305271.1,12-JAN-2015,82,INE676A01019
32,AGRITECH,BE,6.5,6.7,6.5,6.7,6.7,6.65,300,1970.0,12-JAN-2015,5,INE449G01018
33,AGRODUTCH,EQ,3.85,3.85,3.75,3.75,3.75,3.9,13070,49184.4,12-JAN-2015,32,INE135B01014
34,AHLEAST,EQ,173.0,175.2,167.0,170.85,170.0,171.7,1984,337580.25,12-JAN-2015,89,INE926K01017
35,AHLUCONT,EQ,218.25,223.55,217.9,221.55,221.1,219.2,52175,11542752.5,12-JAN-2015,1228,INE758C01029
36,AHLWEST,EQ,126.15,136.0,123.05,124.85,123.05,126.15,45324,6132097.9,12-JAN-2015,97,INE915K01010
37,AHMEDFORGE,EQ,338.5,349.0,335.25,346.9,347.9,337.65,249155,85763285.85,12-JAN-2015,5582,INE425A01011
38,AIAENG,EQ,1020.0,1028.45,981.45,1008.25,1007.0,1016.35,117351,117764741.1,12-JAN-2015,12362,INE212H01026
39,AIL,EQ,641.45,669.4,628.95,667.0,666.0,635.7,78693,51701448.35,12-JAN-2015,3711,INE878A01011
40,AJANTPHARM,EQ,2347.0,2435.0,2295.0,2396.3,2435.0,2319.5,40970,96907459.7,12-JAN-2015,4853,INE031B01031
41,AJMERA,EQ,111.0,119.0,111.0,114.75,113.55,119.25,15546,1797704.55,12-JAN-2015,577,INE298G01027
42,AKSHOPTFBR,EQ,15.7,15.7,15.25,15.5,15.55,15.5,180083,2784342.9,12-JAN-2015,464,INE523B01011
43,AKZOINDIA,EQ,1435.0,1488.0,1435.0,1467.2,1466.05,1432.45,64677,94913516.5,12-JAN-2015,5412,INE133A01011
44,ALBK,EQ,126.9,131.1,125.65,130.0,129.9,126.8,2619983,339140780.85,12-JAN-2015,18969,INE428A01015
45,ALCHEM,EQ,31.0,34.9,30.0,31.7,31.65,31.5,11422,363303.15,12-JAN-2015,58,INE964B01033
46,ALEMBICLTD,EQ,46.55,47.7,45.8,46.55,46.5,46.2,1185092,55441501.1,12-JAN-2015,6156,INE426A01027
47,ALICON,EQ,332.35,341.9,331.85,336.25,336.0,333.45,19098,6465365.85,12-JAN-2015,455,INE062D01024
48,ALKALI,EQ,24.0,27.7,22.2,27.7,27.7,23.1,99847,2640434.7,12-JAN-2015,874,INE773I01017
49,ALKYLAMINE,EQ,385.0,397.0,385.0,394.55,397.0,385.15,3604,1420931.55,12-JAN-2015,131,INE150B01021
50,ALLCARGO,EQ,323.0,333.0,320.0,327.95,328.0,324.6,52387,17178202.15,12-JAN-2015,1502,INE418H01029
51,ALLSEC,EQ,24.0,29.7,24.0,25.7,25.25,25.85,37481,1017407.0,12-JAN-2015,301,INE835G01018
52,ALMONDZ,EQ,12.75,13.9,12.75,13.75,13.75,13.1,12723,167552.15,12-JAN-2015,79,INE326B01027
53,ALOKTEXT,EQ,9.95,11.55,9.95,11.25,11.25,9.9,41289409,456463932.7,12-JAN-2015,44233,INE270A01011
54,ALPA,BE,14.05,14.7,13.65,14.7,14.65,14.1,3507,49835.15,12-JAN-2015,10,INE385I01010
55,ALPHAGEO,EQ,592.45,599.9,578.1,584.5,583.4,588.7,8286,4862231.6,12-JAN-2015,736,INE137C01018
56,ALPINEHOU,BE,19.85,19.85,19.85,19.85,19.85,20.85,150,2977.5,12-JAN-2015,2,INE840D01015
57,ALPSINDUS,EQ,1.4,1.75,1.4,1.75,1.75,1.5,3264,4919.6,12-JAN-2015,9,INE093B01015
58,ALSTOMT&D,EQ,483.05,495.0,483.05,486.2,488.0,488.3,33690,16473034.15,12-JAN-2015,1643,INE200A01026
59,AMARAJABAT,EQ,820.0,821.2,806.0,816.3,813.8,815.75,142237,115987852.65,12-JAN-2015,4171,INE885A01032
60,AMARJOTHI,EQ,70.5,79.6,70.5,75.6,76.5,72.5,3577,266864.9,12-JAN-2015,40,INE484D01012
61,AMBIKCO,EQ,520.0,535.0,518.0,520.65,520.1,522.7,1663,874439.4,12-JAN-2015,162,INE540G01014
62,AMBUJACEM,EQ,223.9,228.6,223.05,228.0,227.6,223.8,1035171,234267948.7,12-JAN-2015,9878,INE079A01024
63,AMDIND,EQ,22.75,23.0,22.75,22.95,22.95,23.05,1608,36842.3,12-JAN-2015,12,INE005I01014
64,AMRUTANJAN,BE,455.95,455.95,431.6,436.45,433.0,446.9,37370,16461583.15,12-JAN-2015,1052,INE098F01023
65,AMTEKAUTO,EQ,176.95,178.75,173.6,177.0,176.35,175.9,931268,164196435.1,12-JAN-2015,10679,INE130C01021
66,AMTEKINDIA,EQ,71.4,71.6,69.45,69.75,69.7,70.85,265323,18638780.15,12-JAN-2015,1765,INE068D01021
67,AMTL,EQ,14.0,16.9,14.0,16.0,16.0,15.8,16909,268973.6,12-JAN-2015,44,INE436N01029
68,ANANTRAJ,EQ,43.4,43.4,41.8,42.0,41.95,42.6,1042355,44106171.8,12-JAN-2015,11071,INE242C01024
69,ANDHRABANK,EQ,91.5,94.6,91.0,94.35,94.3,92.3,3369600,315376081.7,12-JAN-2015,19432,INE434A01013
70,ANDHRACEMT,EQ,10.8,11.1,10.5,10.8,10.9,10.75,37671,404598.3,12-JAN-2015,158,INE666E01012
71,ANDHRSUGAR,EQ,120.0,122.5,118.2,121.25,121.8,119.6,11180,1354577.45,12-JAN-2015,284,INE715B01013
72,ANGIND,EQ,43.0,43.5,40.75,42.95,43.0,42.2,34789,1488085.75,12-JAN-2015,103,INE017D01010
73,ANIKINDS,BE,26.0,27.0,26.0,27.0,27.0,26.9,2020,53563.5,12-JAN-2015,8,INE087B01017
74,ANKITMETAL,EQ,4.15,4.15,3.9,4.05,4.05,4.05,8400,33842.45,12-JAN-2015,26,INE106I01010
75,ANSALAPI,EQ,25.65,25.95,25.35,25.65,25.9,25.35,158366,4057670.0,12-JAN-2015,834,INE436A01026
76,ANSALHSG,EQ,30.75,31.25,30.7,31.0,31.0,30.65,33535,1039344.4,12-JAN-2015,114,INE880B01015
77,ANTGRAPHIC,BE,0.25,0.25,0.25,0.25,0.25,0.25,1,0.25,12-JAN-2015,1,INE414B01021
78,APARINDS,EQ,389.9,396.0,386.0,387.35,387.95,389.05,15467,6024778.25,12-JAN-2015,829,INE372A01015
79,APCOTEXIND,EQ,557.8,559.2,541.1,549.0,546.0,548.15,7644,4207561.25,12-JAN-2015,525,INE116A01024
80,APLAB,BE,32.3,33.0,32.3,33.0,33.0,34.0,205,6624.3,12-JAN-2015,4,INE273A01015
81,APLAPOLLO,EQ,337.2,337.2,325.0,325.3,325.0,327.55,1288,420426.5,12-JAN-2015,90,INE702C01019
82,APLLTD,EQ,473.95,478.7,461.2,467.45,468.4,473.4,147223,69109427.1,12-JAN-2015,4578,INE901L01018
83,APOLLOHOSP,EQ,1126.0,1129.85,1112.0,1118.45,1122.9,1124.65,59612,66786170.3,12-JAN-2015,5668,INE437A01024
84,APOLLOTYRE,EQ,223.95,226.8,220.1,225.4,225.4,224.1,2008440,449752331.45,12-JAN-2015,27866,INE438A01022
85,APTECHT,EQ,70.0,71.3,69.7,69.8,69.7,70.05,217115,15251884.15,12-JAN-2015,1840,INE266F01018
86,ARCHIDPLY,EQ,41.0,44.2,38.05,42.7,42.5,41.9,59256,2529453.6,12-JAN-2015,644,INE877I01016
87,ARCHIES,EQ,28.3,28.8,27.7,27.9,27.9,28.15,167438,4705535.95,12-JAN-2015,1377,INE731A01020
88,ARCOTECH,EQ,353.5,358.35,353.0,354.4,354.0,353.2,42213,14966460.4,12-JAN-2015,756,INE574I01027
89,ARIES,EQ,118.05,141.15,116.6,140.95,141.15,117.65,1365685,182964984.7,12-JAN-2015,15927,INE298I01015
90,ARIHANT,EQ,54.0,61.5,54.0,56.75,54.25,58.0,1565,89760.1,12-JAN-2015,68,INE413D01011
91,AROGRANITE,EQ,79.25,81.0,76.4,78.4,78.15,79.4,8303,649342.3,12-JAN-2015,232,INE210C01013
92,ARROWTEX,EQ,30.0,30.5,28.6,29.1,28.7,29.9,93805,2748811.75,12-JAN-2015,497,INE933J01015
93,ARSHIYA,EQ,16.6,20.1,16.6,20.1,20.1,16.75,82934,1584002.0,12-JAN-2015,271,INE968D01022
94,ARSSINFRA,EQ,47.4,47.4,45.0,45.1,45.0,47.1,95085,4365554.3,12-JAN-2015,949,INE267I01010
95,ARVIND,EQ,267.45,271.45,264.65,268.85,269.2,266.75,1209965,324945345.8,12-JAN-2015,13366,INE034A01011
96,ARVINDREM,EQ,29.4,29.4,26.25,26.95,27.1,29.25,1797677,49044071.6,12-JAN-2015,6889,INE211C01037
97,ASAHIINDIA,EQ,117.05,118.8,115.55,117.5,117.9,116.8,17775,2089249.45,12-JAN-2015,306,INE439A01020
98,ASAHISONG,EQ,156.9,158.05,151.6,157.1,158.0,155.35,14970,2337845.65,12-JAN-2015,289,INE228I01012
99,ASAL,EQ,54.0,54.0,48.1,48.25,48.1,50.35,1169,57137.4,12-JAN-2015,25,INE900C01027
100,ASHAPURMIN,EQ,64.5,65.35,61.2,63.4,62.8,64.25,94389,6023258.6,12-JAN-2015,1051,INE348A01023
101,ASHIANA,EQ,224.95,227.0,221.5,224.3,222.0,223.6,34491,7753548.9,12-JAN-2015,509,INE365D01021
102,ASHIMASYN,EQ,11.55,11.55,10.1,10.85,10.9,10.45,37212,397857.8,12-JAN-2015,70,INE440A01010
103,ASHOKA,EQ,148.5,160.85,148.5,154.7,154.2,154.15,251612,39355750.95,12-JAN-2015,3059,INE442H01029
104,ASHOKLEY,EQ,58.7,60.65,58.05,60.3,60.3,58.7,16143973,963128239.8,12-JAN-2015,37805,INE208A01029
105,ASIANHOTNR,EQ,128.55,132.5,128.55,129.5,129.55,131.7,1780,229817.3,12-JAN-2015,17,INE363A01022
106,ASIANPAINT,EQ,813.05,818.4,800.2,807.75,806.0,812.5,1320557,1068660249.3,12-JAN-2015,25809,INE021A01026
107,ASIANTILES,EQ,150.05,154.9,150.0,152.65,153.55,150.15,47861,7325291.65,12-JAN-2015,621,INE022I01019
108,ASSAMCO,EQ,4.9,5.85,4.85,5.5,5.45,4.9,3586372,19894223.05,12-JAN-2015,3980,INE442A01024
109,ASTEC,EQ,100.0,102.0,98.05,100.7,100.55,99.7,168534,16875464.95,12-JAN-2015,1404,INE563J01010
110,ASTRAL,EQ,382.0,382.0,367.65,368.65,368.0,371.45,23427,8685255.85,12-JAN-2015,926,INE006I01046
111,ASTRAMICRO,EQ,123.65,129.0,121.7,128.25,128.1,123.35,1819866,231136761.15,12-JAN-2015,17550,INE386C01029
112,ASTRAZEN,EQ,867.0,899.0,852.55,878.0,875.0,865.7,8386,7398882.75,12-JAN-2015,869,INE203A01020
113,ATFL,EQ,610.0,618.0,600.35,614.0,617.5,609.95,12653,7686247.85,12-JAN-2015,489,INE209A01019
114,ATLANTA,EQ,67.95,69.4,66.6,68.65,68.4,66.95,285075,19347915.55,12-JAN-2015,1638,INE285H01022
115,ATLASCYCLE,EQ,234.9,237.05,232.55,235.0,235.05,234.95,14828,3487441.45,12-JAN-2015,557,INE446A01017
116,ATNINTER,BE,0.4,0.4,0.4,0.4,0.4,0.4,1000,400.0,12-JAN-2015,1,INE803A01027
117,ATUL,EQ,1330.25,1389.9,1328.95,1369.75,1365.0,1325.45,27228,36946417.95,12-JAN-2015,1739,INE100A01010
118,ATULAUTO,EQ,650.95,668.8,641.0,656.5,658.0,650.85,216398,142505928.65,12-JAN-2015,6874,INE951D01028
119,AURIONPRO,EQ,266.9,270.05,264.3,265.45,266.8,265.35,16263,4349790.4,12-JAN-2015,470,INE132H01018
120,AUROPHARMA,EQ,1179.85,1188.0,1167.0,1177.6,1174.05,1169.55,714763,842188209.0,12-JAN-2015,24245,INE406A01037
121,AUSOMENT,BE,23.45,23.45,23.45,23.45,23.45,22.35,75,1758.75,12-JAN-2015,1,INE218C01016
122,AUSTRAL,BE,0.6,0.65,0.6,0.65,0.65,0.6,36401,23200.6,12-JAN-2015,31,INE455J01027
123,AUTOAXLES,EQ,712.0,717.95,708.0,710.3,710.0,719.45,1365,973694.25,12-JAN-2015,105,INE449A01011
124,AUTOIND,EQ,71.65,73.65,71.65,72.6,72.45,71.95,38356,2795231.3,12-JAN-2015,1103,INE718H01014
125,AUTOLITIND,EQ,35.0,35.5,33.05,34.5,34.5,34.4,2272,77795.0,12-JAN-2015,20,INE448A01013
126,AVANTI,EQ,1589.0,1634.95,1535.0,1617.9,1620.0,1581.0,5945,9568251.7,12-JAN-2015,695,INE871C01012
127,AVTNPL,EQ,39.95,39.95,38.0,38.35,38.35,38.45,30575,1175371.85,12-JAN-2015,205,INE488D01021
128,AXISBANK,EQ,495.0,503.8,492.15,501.55,501.55,494.95,2290147,1145109187.6,12-JAN-2015,33498,INE238A01034
129,AXISCADES,EQ,203.0,214.0,198.3,205.4,205.3,206.3,510811,105731668.05,12-JAN-2015,10717,INE555B01013
130,AXISGOLD,EQ,2533.95,2550.0,2518.3,2533.5,2539.7,2514.2,183,463907.8,12-JAN-2015,72,INF846K01347
131,BAFNAPHARM,EQ,31.9,33.0,31.75,32.55,33.0,32.15,9765,317217.8,12-JAN-2015,149,INE878I01014
132,BAGFILMS,EQ,3.15,3.5,3.05,3.2,3.25,3.2,211969,700490.4,12-JAN-2015,338,INE116D01028
133,BAJAJ-AUTO,EQ,2385.0,2396.0,2323.1,2334.0,2336.1,2375.85,203022,475481577.5,12-JAN-2015,13417,INE917I01010
134,BAJAJCORP,EQ,430.0,437.5,422.0,427.3,429.35,411.7,861710,369611211.8,12-JAN-2015,15334,INE933K01021
135,BAJAJELEC,EQ,234.55,241.85,234.55,239.65,238.4,236.9,154593,36931148.7,12-JAN-2015,2478,INE193E01025
136,BAJAJFINSV,EQ,1255.0,1286.15,1255.0,1267.7,1274.5,1279.2,19678,24971047.45,12-JAN-2015,2561,INE918I01018
137,BAJAJHIND,EQ,18.9,19.85,18.7,19.45,19.5,18.8,2799154,54561044.8,12-JAN-2015,6430,INE306A01021
138,BAJAJHLDNG,EQ,1420.05,1468.0,1420.05,1452.5,1450.0,1428.75,14398,21002743.95,12-JAN-2015,610,INE118A01012
139,BAJFINANCE,EQ,3450.05,3510.0,3398.5,3438.2,3451.2,3450.05,11774,40587250.35,12-JAN-2015,1874,INE296A01016
140,BALAJITELE,EQ,74.1,75.85,73.6,75.1,75.0,75.05,169391,12670486.65,12-JAN-2015,1276,INE794B01026
141,BALAMINES,EQ,72.2,78.0,71.75,76.85,76.25,71.7,18308,1386303.2,12-JAN-2015,661,INE050E01027
142,BALKRISIND,EQ,646.0,658.85,640.05,654.45,656.6,646.05,82369,53636659.6,12-JAN-2015,3314,INE787D01026
143,BALLARPUR,EQ,15.5,16.55,15.4,16.25,16.3,15.5,1525840,24625414.55,12-JAN-2015,3715,INE294A01037
144,BALMLAWRIE,EQ,605.05,610.85,594.05,596.05,594.95,604.4,12715,7634506.1,12-JAN-2015,624,INE164A01016
145,BALPHARMA,EQ,69.5,70.9,68.15,69.4,69.5,70.1,10475,725662.45,12-JAN-2015,246,INE083D01012
146,BALRAMCHIN,EQ,61.3,63.15,60.8,62.5,62.5,60.55,604572,37778220.1,12-JAN-2015,2898,INE119A01028
147,BANARBEADS,EQ,42.0,48.95,41.0,46.5,46.5,45.65,2226,102073.3,12-JAN-2015,18,INE655B01011
148,BANARISUG,EQ,1150.0,1174.0,1110.0,1124.1,1120.0,1150.35,603,687484.75,12-JAN-2015,66,INE459A01010
149,BANCOINDIA,EQ,146.05,149.9,144.1,146.4,146.6,146.05,39482,5818795.8,12-JAN-2015,1037,INE213C01025
150,BANG,EQ,10.5,11.0,10.1,10.95,11.0,11.45,2213,23306.7,12-JAN-2015,17,INE863I01016
151,BANKBARODA,EQ,1060.0,1091.25,1055.0,1080.0,1079.5,1060.45,708730,765485353.05,12-JAN-2015,19250,INE028A01013
152,BANKBEES,EQ,1949.0,1949.0,1870.5,1894.39,1898.6,1874.63,1804,3410610.21,12-JAN-2015,188,INF732E01078
153,BANKINDIA,EQ,293.45,300.6,289.8,298.9,298.6,293.45,3605898,1074151886.65,12-JAN-2015,39809,INE084A01016
154,BANSWRAS,EQ,74.7,77.5,74.1,74.3,74.25,73.0,688,51337.25,12-JAN-2015,39,INE629D01012
155,BARTRONICS,EQ,11.85,12.5,11.85,12.0,11.95,12.1,50241,606032.25,12-JAN-2015,242,INE855F01034
156,BASF,EQ,1245.5,1292.0,1245.5,1274.05,1270.5,1267.4,9083,11567171.9,12-JAN-2015,610,INE373A01013
157,BASML,EQ,169.0,173.5,169.0,169.85,169.75,169.25,1237,211021.45,12-JAN-2015,20,INE186H01014
158,BATAINDIA,EQ,1366.1,1385.0,1366.1,1374.25,1366.6,1356.9,354163,487374921.9,12-JAN-2015,18364,INE176A01010
159,BAYERCROP,EQ,3359.1,3543.85,3335.65,3411.55,3394.05,3340.2,22084,76678181.85,12-JAN-2015,4268,INE462A01022
160,BBL,EQ,711.6,735.0,706.5,721.85,718.0,704.45,24447,17636275.3,12-JAN-2015,2315,INE464A01028
161,BBTC,EQ,476.0,486.0,472.25,476.1,475.15,472.3,171857,82215351.25,12-JAN-2015,4640,INE050A01025
162,BEARDSELL,EQ,62.0,62.0,58.9,58.9,58.9,62.0,191,11561.5,12-JAN-2015,6,INE520H01014
163,BEDMUTHA,EQ,18.35,18.35,17.5,17.55,17.55,17.95,4175,74500.7,12-JAN-2015,36,INE844K01012
164,BEL,EQ,3218.9,3269.0,3168.5,3215.05,3219.0,3202.2,303413,977192269.25,12-JAN-2015,18182,INE263A01016
165,BEML,EQ,795.0,883.0,784.95,873.0,867.0,793.45,3110786,2635800435.65,12-JAN-2015,80098,INE258A01016
166,BEPL,EQ,13.8,14.5,13.8,14.5,14.5,14.0,515,7258.5,12-JAN-2015,4,INE922A01025
167,BERGEPAINT,EQ,244.0,245.0,229.15,230.55,231.0,244.6,1573516,366322842.1,12-JAN-2015,34954,INE463A01038
168,BFINVEST,EQ,109.55,113.0,109.5,112.4,112.8,109.5,21604,2417709.1,12-JAN-2015,402,INE878K01010
169,BFUTILITIE,EQ,615.0,628.0,606.7,615.1,616.0,612.8,233988,144599544.3,12-JAN-2015,9288,INE243D01012
170,BGLOBAL,BE,3.35,3.65,3.35,3.65,3.65,3.5,11900,41067.3,12-JAN-2015,14,INE224M01013
171,BGRENERGY,EQ,154.1,157.8,152.5,155.65,156.0,154.05,130309,20227633.8,12-JAN-2015,2312,INE661I01014
172,BHAGYNAGAR,EQ,15.1,19.45,15.1,18.3,18.35,17.3,86581,1612813.15,12-JAN-2015,215,INE458B01028
173,BHARATFORG,EQ,930.0,1005.0,930.0,1001.3,1002.95,929.05,1880423,1842859210.7,12-JAN-2015,54529,INE465A01025
174,BHARATGEAR,EQ,64.2,73.6,62.05,72.1,72.2,64.2,62275,4369461.85,12-JAN-2015,748,INE561C01019
175,BHARATRAS,EQ,1300.0,1375.0,1280.0,1317.7,1302.0,1345.75,2439,3243022.9,12-JAN-2015,537,INE838B01013
176,BHARTIARTL,EQ,355.7,355.7,347.1,348.95,348.75,355.8,2052141,716435022.6,12-JAN-2015,68016,INE397D01024
177,BHARTISHIP,BZ,29.5,30.45,27.9,30.05,30.45,29.35,5581,164858.45,12-JAN-2015,45,INE673G01013
178,BHEL,EQ,254.6,259.0,253.1,257.65,257.9,254.75,1809094,463612545.7,12-JAN-2015,19756,INE257A01026
179,BHUSANSTL,EQ,88.7,88.7,87.0,87.35,87.8,87.2,57981,5074526.5,12-JAN-2015,960,INE824B01021
180,BIL,EQ,412.0,423.9,412.0,413.35,412.05,412.0,18930,7861454.5,12-JAN-2015,275,INE828A01016
181,BILENERGY,EQ,1.0,1.15,1.0,1.15,1.15,1.05,8431,9150.65,12-JAN-2015,18,INE607L01029
182,BILPOWER,EQ,1.65,1.65,1.65,1.65,1.65,1.45,2040,3366.0,12-JAN-2015,5,INE952D01018
183,BIMETAL,EQ,412.0,439.5,406.8,427.0,433.0,416.3,1934,824996.9,12-JAN-2015,196,INE469A01019
184,BINANIIND,EQ,100.85,100.85,99.1,99.55,99.25,100.3,33229,3315568.3,12-JAN-2015,432,INE071A01013
185,BINDALAGRO,EQ,29.0,29.3,28.1,28.6,28.5,28.8,42529,1218558.3,12-JAN-2015,231,INE143A01010
186,BIOCON,EQ,417.0,422.4,412.0,420.3,420.65,415.95,454885,190295965.9,12-JAN-2015,8889,INE376G01013
187,BIRLACORPN,EQ,446.9,446.95,435.45,439.2,439.1,438.1,10947,4803853.7,12-JAN-2015,268,INE340A01012
188,BIRLACOT,BE,0.1,0.15,0.1,0.15,0.15,0.1,485696,64534.05,12-JAN-2015,58,INE655I01024
189,BIRLAERIC,BE,68.0,69.8,68.0,68.45,68.45,68.8,2068,143118.35,12-JAN-2015,25,INE800A01015
190,BIRLAMONEY,EQ,33.4,33.7,32.5,33.45,33.6,33.1,28413,947405.45,12-JAN-2015,99,INE865C01022
191,BIRLAPOWER,BZ,0.05,0.1,0.05,0.05,0.05,0.05,89232,6591.6,12-JAN-2015,25,INE224B01024
192,BLBLIMITED,EQ,5.7,6.3,5.6,5.7,5.6,6.0,3723,22226.8,12-JAN-2015,21,INE791A01024
193,BLISSGVS,EQ,67.3,68.0,66.1,67.0,67.0,67.3,20574,1378971.8,12-JAN-2015,485,INE416D01022
194,BLKASHYAP,EQ,15.1,15.7,14.6,15.4,15.3,15.25,87855,1335318.7,12-JAN-2015,382,INE350H01032
195,BLUECHIP,EQ,0.3,0.3,0.3,0.3,0.3,0.35,1500,450.0,12-JAN-2015,2,INE657B01025
196,BLUEDART,EQ,6825.0,7300.0,6750.0,7058.4,7060.0,6825.45,13006,91757731.7,12-JAN-2015,3272,INE233B01017
197,BLUEDART,N1,10.03,10.2,10.03,10.2,10.2,10.23,500,5032.51,12-JAN-2015,5,INE233B08087
198,BLUEDART,N2,10.15,10.24,10.15,10.24,10.24,10.19,94,954.55,12-JAN-2015,5,INE233B08095
199,BLUEDART,N3,10.2,10.2,10.16,10.16,10.16,10.2,1947,19782.72,12-JAN-2015,4,INE233B08103
200,BLUESTARCO,EQ,324.5,327.95,318.25,326.1,324.25,325.45,17900,5806062.95,12-JAN-2015,1040,INE472A01039
201,BLUESTINFO,EQ,220.0,223.0,219.0,220.1,220.0,218.85,10319,2281896.4,12-JAN-2015,86,INE504B01011
202,BODALCHEM,EQ,36.3,37.8,36.0,37.8,37.8,34.4,191438,7167397.95,12-JAN-2015,615,INE338D01028
203,BODHTREE,BE,11.55,11.55,11.55,11.55,11.55,11.0,2000,23100.0,12-JAN-2015,7,INE104F01011
204,BOMDYEING,EQ,64.65,67.3,64.35,66.25,66.4,64.4,1016570,67145247.4,12-JAN-2015,7275,INE032A01023
205,BOSCHLTD,EQ,19730.0,20387.0,19435.0,20326.25,20255.0,19450.3,32456,652095846.55,12-JAN-2015,8788,INE323A01026
206,BPCL,EQ,685.0,685.0,672.3,676.4,674.75,679.35,644574,436782532.2,12-JAN-2015,16987,INE029A01011
207,BPL,EQ,31.0,34.55,31.0,34.55,34.55,31.45,1098941,36957495.25,12-JAN-2015,4768,INE110A01019
208,BRANDHOUSE,EQ,1.7,1.9,1.65,1.65,1.65,1.7,6296,10906.2,12-JAN-2015,16,INE317J01011
209,BRFL,EQ,125.0,128.4,122.0,127.1,124.55,125.15,1753,219554.15,12-JAN-2015,95,INE589G01011
210,BRIGADE,EQ,166.95,169.9,162.3,163.8,164.4,166.65,410323,67887128.6,12-JAN-2015,7825,INE791I01019
211,BRITANNIA,EQ,1954.0,1975.0,1922.0,1932.0,1930.0,1945.3,138391,268907850.45,12-JAN-2015,22991,INE216A01022
212,BROOKS,EQ,43.0,44.8,42.7,43.1,43.0,42.8,58613,2558057.8,12-JAN-2015,388,INE650L01011
213,BSELINFRA,EQ,2.75,2.75,2.45,2.5,2.5,2.7,58255,147045.95,12-JAN-2015,81,INE395A01016
214,BSL,EQ,45.9,46.45,44.0,45.65,45.45,45.85,38910,1758956.3,12-JAN-2015,532,INE594B01012
215,BSLGOLDETF,EQ,2619.9,2636.0,2619.9,2625.0,2625.0,2575.0,13,34124.05,12-JAN-2015,7,INF209K01HT2
216,BSLIMITED,EQ,21.85,24.0,21.45,23.25,23.3,21.55,677184,15672936.2,12-JAN-2015,2017,INE043K01029
217,BSLNIFTY,EQ,93.45,93.45,93.45,93.45,93.45,92.0,75,7008.75,12-JAN-2015,4,INF209K01IR4
218,BURNPUR,EQ,9.7,11.35,9.4,10.95,10.9,9.65,1488786,15922001.1,12-JAN-2015,3273,INE817H01014
219,BUTTERFLY,EQ,238.0,259.8,232.15,245.5,247.0,229.75,11816,2923039.2,12-JAN-2015,430,INE295F01017
220,BVCL,EQ,13.1,14.3,12.4,13.95,13.95,12.95,3265,44909.5,12-JAN-2015,18,INE139I01011
221,CADILAHC,EQ,1686.7,1696.5,1646.1,1652.45,1654.0,1686.7,68839,115110106.15,12-JAN-2015,7042,INE010B01019
222,CAIRN,EQ,241.0,241.0,232.6,235.55,235.8,243.0,2387157,561904008.55,12-JAN-2015,38078,INE910H01017
223,CANBK,EQ,438.8,447.6,434.6,444.95,443.0,440.75,1298682,575892217.75,12-JAN-2015,20700,INE476A01014
224,CANDC,EQ,33.5,34.7,32.95,33.3,33.3,34.0,638,21419.8,12-JAN-2015,22,INE874H01015
225,CANFINHOME,EQ,664.8,695.0,598.8,614.9,610.3,657.3,918595,594913031.6,12-JAN-2015,28862,INE477A01012
226,CANTABIL,EQ,38.0,39.4,35.45,38.7,39.0,37.05,5056,192008.9,12-JAN-2015,94,INE068L01016
227,CAPF,EQ,368.1,370.5,362.5,364.5,363.55,369.75,70862,25987106.7,12-JAN-2015,1947,INE688I01017
228,CAPLIPOINT,EQ,441.9,441.9,414.9,420.35,420.0,431.75,13235,5595201.3,12-JAN-2015,603,INE475E01018
229,CARBORUNIV,EQ,183.95,183.95,175.6,176.3,176.1,179.8,227784,40285251.5,12-JAN-2015,1677,INE120A01034
230,CAREERP,EQ,164.5,167.8,161.5,163.05,163.5,162.4,81191,13339282.25,12-JAN-2015,1982,INE521J01018
231,CARERATING,EQ,1687.0,1693.2,1630.0,1637.0,1636.1,1656.45,80225,133803625.35,12-JAN-2015,7443,INE752H01013
232,CASTROLIND,EQ,511.45,513.65,501.95,504.25,504.0,509.6,169420,85859337.85,12-JAN-2015,4480,INE172A01027
233,CCCL,EQ,4.4,4.4,4.15,4.2,4.25,4.35,29945,128098.5,12-JAN-2015,194,INE429I01024
234,CCL,EQ,173.6,175.9,172.5,173.55,173.85,175.05,400702,69613022.35,12-JAN-2015,5397,INE421D01022
235,CEATLTD,EQ,863.8,872.0,850.1,862.1,863.1,862.3,156601,135149308.3,12-JAN-2015,6101,INE482A01020
236,CEBBCO,EQ,22.95,22.95,21.55,21.85,21.7,21.65,28336,623489.55,12-JAN-2015,226,INE209L01016
237,CELEBRITY,EQ,13.1,13.5,13.0,13.5,13.5,13.5,251,3318.0,12-JAN-2015,6,INE185H01016
238,CELESTIAL,EQ,44.95,48.5,37.0,47.45,47.25,45.2,246264,11448528.5,12-JAN-2015,982,INE221I01017
239,CENTENKA,EQ,171.0,177.0,171.0,174.65,174.1,171.85,38787,6794524.7,12-JAN-2015,816,INE485A01015
240,CENTEXT,EQ,1.85,2.0,1.8,1.85,1.8,1.8,23723,45215.55,12-JAN-2015,24,INE281A01026
241,CENTRALBK,EQ,98.0,99.75,97.0,98.95,98.75,97.4,1347965,132722504.1,12-JAN-2015,4916,INE483A01010
242,CENTUM,EQ,757.55,757.55,687.3,724.5,726.0,743.4,39761,28607841.6,12-JAN-2015,2462,INE320B01020
243,CENTURYPLY,EQ,168.8,171.95,167.45,170.45,169.3,169.25,229204,39025375.75,12-JAN-2015,3627,INE348B01021
244,CENTURYTEX,EQ,526.8,549.8,521.55,543.35,545.95,527.8,471617,252724240.3,12-JAN-2015,8860,INE055A01016
245,CERA,EQ,1855.0,2020.0,1835.0,1986.7,1970.0,1830.1,24236,46446227.8,12-JAN-2015,2655,INE739E01017
246,CEREBRAINT,EQ,12.5,13.75,12.5,13.0,13.05,12.5,139304,1826974.35,12-JAN-2015,459,INE345B01019
247,CESC,EQ,688.8,727.0,675.0,723.15,725.0,688.1,511352,363061123.35,12-JAN-2015,22500,INE486A01013
248,CGCL,EQ,206.0,208.0,192.1,207.25,207.25,205.05,4616,944574.25,12-JAN-2015,149,INE180C01018
249,CHAMBLFERT,EQ,61.25,62.7,61.25,61.75,61.75,62.4,112327,6961645.5,12-JAN-2015,1382,INE085A01013
250,CHEMFALKAL,EQ,82.0,82.4,81.0,81.6,81.6,82.15,840,68926.0,12-JAN-2015,15,INE479E01028
251,CHENNPETRO,EQ,74.8,75.9,73.55,73.9,73.75,74.75,322717,23987300.1,12-JAN-2015,2998,INE178A01016
252,CHESLINTEX,EQ,8.5,8.8,8.5,8.8,8.8,8.5,218,1913.0,12-JAN-2015,2,INE217C01018
253,CHOLAFIN,EQ,487.0,498.0,482.1,496.15,496.15,485.55,23261,11441260.25,12-JAN-2015,884,INE121A01016
254,CHROMATIC,EQ,3.95,4.1,3.7,3.9,3.9,3.85,93805,367145.15,12-JAN-2015,77,INE662C01015
255,CIGNITITEC,EQ,468.8,469.0,456.2,459.45,460.0,466.3,6075,2811170.15,12-JAN-2015,391,INE675C01017
256,CIMMCO,EQ,74.0,75.0,72.05,74.0,73.65,73.5,4693,346383.3,12-JAN-2015,120,INE184C01028
257,CINELINE,EQ,11.15,12.7,11.15,12.05,12.05,12.65,546,6426.45,12-JAN-2015,15,INE704H01022
258,CINEVISTA,EQ,3.95,3.95,3.5,3.6,3.9,3.95,2005,7214.5,12-JAN-2015,8,INE039B01026
259,CIPLA,EQ,630.9,637.0,625.95,630.75,629.7,632.35,1094136,691664435.95,12-JAN-2015,18154,INE059A01026
260,CLASSIC,BE,1.95,2.0,1.95,2.0,2.0,1.95,14409,28098.0,12-JAN-2015,4,INE987C01024
261,CLNINDIA,EQ,1063.0,1099.0,1060.0,1084.15,1090.0,1056.0,78850,85154791.0,12-JAN-2015,3932,INE492A01029
262,CLUTCHAUTO,EQ,22.7,23.3,22.0,22.75,22.8,22.3,6882,154632.0,12-JAN-2015,117,INE779B01019
263,CMAHENDRA,EQ,14.8,14.8,14.0,14.65,14.65,14.5,98004,1412961.75,12-JAN-2015,589,INE378J01013
264,CMC,EQ,1944.0,1979.8,1915.5,1935.2,1939.8,1929.85,56613,110008459.4,12-JAN-2015,3441,INE314A01017
265,CNOVAPETRO,EQ,18.7,18.7,18.7,18.7,18.7,18.75,50,935.0,12-JAN-2015,1,INE672K01025
266,COALINDIA,EQ,374.9,374.9,356.0,357.85,359.0,375.05,3794388,1363500128.15,12-JAN-2015,45702,INE522F01014
267,COLPAL,EQ,1927.95,1944.4,1915.25,1926.85,1929.7,1920.2,100129,193484651.8,12-JAN-2015,13186,INE259A01022
268,COMPUAGE,EQ,154.5,157.8,148.0,150.0,148.0,154.1,14893,2301694.35,12-JAN-2015,96,INE070C01029
269,COMPUSOFT,EQ,11.7,11.7,10.95,11.3,11.3,11.45,31146,347903.5,12-JAN-2015,159,INE453B01029
270,CONCOR,EQ,1356.0,1370.0,1344.2,1352.3,1350.3,1365.75,64001,87338314.8,12-JAN-2015,1287,INE111A01017
271,CONSOFINVT,EQ,46.8,46.9,45.65,46.2,46.8,45.45,4082,188056.1,12-JAN-2015,19,INE025A01027
272,CORDSCABLE,EQ,27.5,28.35,26.2,26.7,26.3,27.5,5466,148134.35,12-JAN-2015,58,INE792I01017
273,COREEDUTEC,EQ,13.5,13.95,12.45,13.55,13.7,13.05,777845,10565537.75,12-JAN-2015,2715,INE247G01024
274,COROENGG,EQ,44.0,45.0,43.0,44.0,44.0,43.4,17445,768869.6,12-JAN-2015,89,INE312J01012
275,COROMANDEL,EQ,304.05,305.0,298.1,299.4,299.05,303.8,37950,11422570.35,12-JAN-2015,565,INE169A01031
276,CORPBANK,EQ,327.75,341.8,324.95,338.7,339.0,325.85,291323,98365446.95,12-JAN-2015,5622,INE112A01015
277,COSMOFILMS,EQ,93.2,96.25,93.2,95.55,96.25,94.65,2891,275774.3,12-JAN-2015,154,INE757A01017
278,COUNCODOS,EQ,2.0,2.0,2.0,2.0,2.0,2.1,509,1018.0,12-JAN-2015,4,INE695B01025
279,COX&KINGS,EQ,320.0,321.0,311.25,316.45,317.95,318.7,445101,140646671.55,12-JAN-2015,8403,INE008I01026
280,CPSEETF,EQ,25.0,25.0,24.5,24.52,24.57,24.85,59521,1463797.58,12-JAN-2015,288,INF457M01133
281,CREATIVEYE,EQ,3.7,4.15,3.7,4.0,4.15,4.2,5492,21478.8,12-JAN-2015,11,INE230B01021
282,CREST,EQ,54.95,54.95,50.0,50.05,50.0,50.0,285,14514.25,12-JAN-2015,4,INE559D01011
283,CRISIL,EQ,1960.0,1970.0,1930.0,1938.45,1930.05,1949.95,9181,17813773.6,12-JAN-2015,1638,INE007A01025
284,CRMFGETF,EQ,2590.0,2605.0,2590.0,2600.0,2600.0,2589.0,3135,8139135.0,12-JAN-2015,41,INF760K01BR1
285,CROMPGREAV,EQ,190.75,192.9,188.25,190.1,189.85,190.5,2183323,415973161.1,12-JAN-2015,23624,INE067A01029
286,CTE,EQ,15.35,15.35,15.35,15.35,15.35,16.15,4700,72145.0,12-JAN-2015,17,INE627H01017
287,CUB,EQ,96.85,99.0,96.05,97.85,97.65,96.65,718531,70490713.75,12-JAN-2015,5260,INE491A01021
288,CUBEXTUB,BE,12.85,12.9,12.85,12.9,12.9,12.3,1500,19325.0,12-JAN-2015,2,INE144D01012
289,CUMMINSIND,EQ,880.0,898.0,868.0,870.65,872.5,876.95,172364,152600215.45,12-JAN-2015,9240,INE298A01020
290,CURATECH,EQ,17.05,18.75,16.65,17.5,18.0,18.5,4757,81992.75,12-JAN-2015,44,INE117B01012
291,CYBERTECH,EQ,45.55,47.15,44.15,45.95,46.4,45.65,13846,639394.0,12-JAN-2015,375,INE214A01019
292,CYIENT,EQ,532.0,540.45,531.0,534.55,532.3,527.6,55734,29891738.55,12-JAN-2015,2068,INE136B01020
293,DAAWAT,EQ,116.0,116.95,112.55,115.25,116.95,114.3,2345,270711.75,12-JAN-2015,174,INE818H01012
294,DABUR,EQ,229.8,235.75,228.65,234.75,235.0,229.45,788529,183786408.9,12-JAN-2015,20426,INE016A01026
295,DALMIABHA,EQ,426.0,462.7,401.85,456.75,456.0,414.05,483530,201954883.1,12-JAN-2015,4527,INE439L01019
296,DALMIAREF,EQ,115.0,134.0,112.0,114.9,113.5,114.2,2776,337862.65,12-JAN-2015,121,INE200F01017
297,DALMIASUG,EQ,22.7,23.35,22.5,22.85,22.85,22.6,29626,679185.25,12-JAN-2015,231,INE495A01022
298,DATAMATICS,EQ,80.25,83.6,78.05,81.7,81.55,79.15,55895,4531011.65,12-JAN-2015,657,INE365B01017
299,DBCORP,EQ,399.05,403.8,396.0,400.15,396.0,397.9,8905,3556208.65,12-JAN-2015,741,INE950I01011
300,DBREALTY,EQ,68.95,68.95,66.55,66.95,66.7,68.4,148450,10026419.45,12-JAN-2015,1205,INE879I01012
301,DBSTOCKBRO,EQ,58.15,58.25,58.0,58.15,58.0,58.25,32373,1883136.0,12-JAN-2015,357,INE921B01025
302,DCBBANK,EQ,121.2,124.8,121.0,123.6,123.7,121.1,1704491,210681413.95,12-JAN-2015,14608,INE503A01015
303,DCM,EQ,96.95,101.0,96.3,99.1,98.9,97.95,25650,2539927.45,12-JAN-2015,397,INE498A01018
304,DCMSHRIRAM,EQ,153.3,153.3,146.5,148.0,149.9,149.6,62277,9348716.95,12-JAN-2015,2041,INE499A01024
305,DCW,EQ,19.8,19.85,19.0,19.1,19.15,19.6,835215,16169182.85,12-JAN-2015,2837,INE500A01029
306,DECCANCE,EQ,398.25,398.25,386.0,390.55,390.05,390.6,501,196321.4,12-JAN-2015,23,INE583C01013
307,DECOLIGHT,BE,1.8,1.8,1.75,1.75,1.75,1.75,5150,9262.5,12-JAN-2015,4,INE172I01012
308,DEEPAKFERT,EQ,137.2,139.95,137.1,137.95,138.4,139.25,53490,7392981.35,12-JAN-2015,1076,INE501A01019
309,DEEPAKNTR,EQ,82.6,83.9,82.5,82.55,82.55,82.6,12753,1060271.9,12-JAN-2015,188,INE288B01029
310,DEEPIND,EQ,60.4,61.4,60.1,60.85,61.2,60.4,16548,1008480.6,12-JAN-2015,234,INE677H01012
311,DELTACORP,EQ,93.15,97.75,91.1,97.05,97.15,92.85,3022072,289031563.85,12-JAN-2015,17759,INE124G01033
312,DELTAMAGNT,EQ,40.0,45.0,38.05,40.45,40.0,38.25,1544,65311.55,12-JAN-2015,18,INE393A01011
313,DEN,EQ,132.2,133.45,129.55,130.05,130.25,131.7,146493,19126793.0,12-JAN-2015,5297,INE947J01015
314,DENABANK,EQ,60.55,61.45,60.0,60.9,60.9,60.35,555745,33843135.7,12-JAN-2015,3476,INE077A01010
315,DENORA,EQ,150.0,152.0,143.15,148.15,146.0,144.4,1359,201697.55,12-JAN-2015,54,INE244A01016
316,DHAMPURSUG,EQ,44.0,47.7,44.0,46.05,46.05,44.0,145308,6756246.9,12-JAN-2015,1294,INE041A01016
317,DHANBANK,EQ,41.8,41.95,40.45,41.3,41.25,41.45,317941,13156579.8,12-JAN-2015,2108,INE680A01011
318,DHANUKA,EQ,550.0,569.0,541.5,546.95,545.5,535.6,11691,6391357.5,12-JAN-2015,518,INE435G01025
319,DHARSUGAR,EQ,17.6,19.0,17.0,17.6,17.55,17.45,7128,128675.95,12-JAN-2015,41,INE988C01014
320,DHFL,EQ,427.5,443.65,421.45,437.3,436.75,426.55,1895378,823333294.75,12-JAN-2015,29796,INE202B01012
321,DHUNINV,EQ,133.0,139.0,132.0,133.45,132.4,134.0,1561,214468.55,12-JAN-2015,48,INE320L01011
322,DIAPOWER,EQ,72.75,75.2,71.95,73.65,73.45,72.9,68827,5112940.65,12-JAN-2015,812,INE989C01012
323,DICIND,EQ,390.2,397.9,380.0,383.3,384.95,380.5,1918,736728.95,12-JAN-2015,155,INE303A01010
324,DIGJAM,EQ,8.7,9.4,8.65,9.2,9.35,8.7,139165,1263694.05,12-JAN-2015,437,INE471A01023
325,DISHMAN,EQ,137.95,141.25,135.35,139.3,139.45,137.4,389617,54044804.6,12-JAN-2015,7243,INE353G01020
326,DISHTV,EQ,67.45,69.0,66.45,68.65,68.55,67.55,2736326,185348607.25,12-JAN-2015,13070,INE836F01026
327,DIVISLAB,EQ,1713.0,1725.75,1681.0,1706.3,1705.7,1702.25,97432,165717531.85,12-JAN-2015,5962,INE361B01024
328,DLF,EQ,137.6,138.45,135.5,136.5,136.55,137.85,5247669,718150062.45,12-JAN-2015,29656,INE271C01023
329,DLINKINDIA,EQ,162.3,164.85,160.0,160.45,160.1,163.1,41291,6691871.6,12-JAN-2015,974,INE250K01012
330,DOLPHINOFF,EQ,168.7,169.0,159.9,161.85,161.8,167.35,395990,64757123.65,12-JAN-2015,7202,INE920A01011
331,DONEAR,EQ,17.8,18.9,17.8,18.55,18.9,18.0,36147,664905.55,12-JAN-2015,31,INE668D01028
332,DPL,EQ,86.8,86.8,81.0,84.55,84.55,87.6,14620,1230525.8,12-JAN-2015,339,INE477B01010
333,DPSCLTD,EQ,18.8,18.8,17.55,18.0,18.0,18.05,2345,42082.95,12-JAN-2015,13,INE360C01024
334,DQE,EQ,26.5,27.7,26.5,27.1,27.0,26.7,23829,645694.35,12-JAN-2015,171,INE656K01010
335,DRDATSONS,EQ,9.3,9.7,9.15,9.3,9.25,9.25,5872516,54708255.45,12-JAN-2015,13243,INE928K01013
336,DREDGECORP,EQ,411.95,418.5,407.15,415.1,412.0,409.45,33470,13838680.8,12-JAN-2015,1194,INE506A01018
337,DRREDDY,EQ,3153.0,3214.0,3126.65,3207.25,3210.0,3163.8,334222,1065572009.85,12-JAN-2015,25481,INE089A01023
338,DSKULKARNI,EQ,93.4,93.4,90.0,91.7,90.45,92.1,9143,837574.65,12-JAN-2015,184,INE891A01014
339,DSSL,EQ,11.1,11.6,11.1,11.6,11.6,11.6,300,3430.0,12-JAN-2015,2,INE417B01040
340,DUNCANSLTD,BE,18.3,19.2,18.3,19.2,19.2,19.1,146,2742.7,12-JAN-2015,5,INE508A01022
341,DWARKESH,EQ,33.0,34.0,32.65,32.9,32.75,32.6,16966,564697.7,12-JAN-2015,122,INE366A01033
342,DYNAMATECH,EQ,2012.05,2220.0,1998.0,2164.45,2126.0,2016.4,6553,13900785.95,12-JAN-2015,518,INE221B01012
343,DYNATECH,EQ,3.0,3.1,2.9,2.95,2.9,3.15,25598,76629.45,12-JAN-2015,31,INE741L01018
344,EASTSILK,EQ,2.8,2.85,2.3,2.85,2.8,2.4,87878,243682.45,12-JAN-2015,105,INE962C01027
345,EASUNREYRL,EQ,51.25,51.3,49.55,50.65,50.5,51.15,7191,363025.1,12-JAN-2015,103,INE268C01029
346,ECEIND,EQ,159.35,159.35,142.0,148.65,145.0,144.9,188938,28912508.95,12-JAN-2015,1224,INE588B01014
347,ECLERX,EQ,1324.0,1324.95,1294.5,1305.1,1303.5,1307.55,4299,5611998.65,12-JAN-2015,1265,INE738I01010
348,ECLFINANCE,N1,1020.0,1020.0,1019.0,1019.0,1019.0,1019.0,650,662900.0,12-JAN-2015,8,INE804I07SG6
349,ECLFINANCE,N2,1100.0,1100.0,1100.0,1100.0,1100.0,1110.0,40,44000.0,12-JAN-2015,2,INE804I07SH4
350,ECLFINANCE,N3,1035.0,1040.0,1030.01,1039.99,1039.99,1045.0,745,770751.4,12-JAN-2015,16,INE804I07SI2
351,ECLFINANCE,N4,1115.0,1115.0,1115.0,1115.0,1115.0,1115.0,12,13380.0,12-JAN-2015,1,INE804I07SJ0
352,ECLFINANCE,N5,1032.8,1038.0,1032.5,1032.64,1032.5,1032.85,3028,3130325.77,12-JAN-2015,22,INE804I08601
353,ECLFINANCE,N6,1080.0,1080.0,1080.0,1080.0,1080.0,1070.0,1,1080.0,12-JAN-2015,1,INE804I08619
354,ECLFINANCE,N7,1101.0,1101.0,1101.0,1101.0,1101.0,1100.0,82,90282.0,12-JAN-2015,3,INE804I08627
355,EDELWEISS,EQ,58.65,61.65,58.1,60.65,60.65,58.7,2262167,135864921.45,12-JAN-2015,11336,INE532F01054
356,EDL,EQ,36.0,36.75,34.55,34.95,34.95,37.2,28491,1010514.6,12-JAN-2015,260,INE180G01019
357,EDUCOMP,EQ,28.5,29.1,28.05,28.65,28.65,28.0,1403080,40115014.85,12-JAN-2015,6750,INE216H01027
358,EICHERMOT,EQ,14652.0,15145.0,14600.25,14857.65,14800.0,14738.7,65723,979504355.35,12-JAN-2015,12334,INE066A01013
359,EIDPARRY,EQ,189.0,190.25,184.05,188.3,187.6,187.8,123083,23116270.6,12-JAN-2015,2649,INE126A01031
360,EIHAHOTELS,EQ,235.0,239.0,230.1,236.15,236.15,238.0,321,74952.7,12-JAN-2015,21,INE276C01014
361,EIHOTEL,EQ,116.0,117.35,114.55,115.25,115.0,117.05,275138,31753727.95,12-JAN-2015,1119,INE230A01023
362,EIMCOELECO,BE,440.0,463.35,440.0,463.35,463.35,441.3,997,458951.95,12-JAN-2015,69,INE158B01016
363,EKC,EQ,11.95,12.05,11.45,11.8,11.9,11.5,93061,1104957.25,12-JAN-2015,373,INE184H01027
364,ELDERPHARM,EQ,145.0,145.35,137.0,137.9,138.1,143.7,217971,30540616.85,12-JAN-2015,4275,INE975A01015
365,ELECON,EQ,51.85,53.55,51.85,52.75,52.65,51.8,308958,16376170.5,12-JAN-2015,2142,INE205B01023
366,ELECTCAST,EQ,18.4,18.7,18.3,18.4,18.3,18.4,85877,1587560.8,12-JAN-2015,349,INE086A01029
367,ELECTHERM,EQ,22.5,23.35,21.0,22.9,23.35,21.5,3161,71490.5,12-JAN-2015,21,INE822G01016
368,ELFORGE,BE,6.65,6.65,6.65,6.65,6.65,7.0,1100,7315.0,12-JAN-2015,2,INE158F01017
369,ELGIEQUIP,EQ,159.4,161.45,155.45,160.2,160.0,159.45,36281,5742784.4,12-JAN-2015,1001,INE285A01027
370,ELGIRUBCO,EQ,34.75,36.7,34.6,34.8,35.0,34.95,53396,1898029.2,12-JAN-2015,355,INE819L01012
371,EMAMIINFRA,EQ,34.0,36.4,34.0,35.45,35.5,35.05,13994,504403.2,12-JAN-2015,157,INE778K01012
372,EMAMILTD,EQ,778.0,822.0,772.05,803.45,804.0,767.55,337741,272838930.1,12-JAN-2015,10982,INE548C01032
373,EMCO,EQ,40.0,40.55,38.85,39.5,39.45,39.3,123629,4896102.15,12-JAN-2015,697,INE078A01026
374,EMKAY,EQ,52.3,53.7,52.3,53.7,53.7,53.65,210,11143.5,12-JAN-2015,4,INE296H01011
375,EMMBI,EQ,13.85,14.9,13.7,14.65,14.9,13.9,13147,183729.05,12-JAN-2015,69,INE753K01015
376,ENERGYDEV,EQ,19.5,19.7,19.15,19.35,19.35,19.3,12642,245959.3,12-JAN-2015,19,INE306C01019
377,ENGINERSIN,EQ,225.0,227.8,222.6,225.9,225.9,224.55,255171,57640730.65,12-JAN-2015,3211,INE510A01028
378,ENIL,EQ,515.0,519.0,505.0,512.7,510.0,520.05,223,114528.1,12-JAN-2015,39,INE265F01028
379,EON,EQ,52.6,53.6,50.8,51.4,51.1,51.25,36305,1884993.55,12-JAN-2015,468,INE076H01025
380,ERAINFRA,EQ,7.0,7.25,6.65,6.65,6.65,6.95,3296334,22390959.0,12-JAN-2015,2533,INE039E01020
381,EROSMEDIA,EQ,367.95,388.75,366.0,386.35,388.0,368.0,268925,102366269.3,12-JAN-2015,11300,INE416L01017
382,ESABINDIA,EQ,683.0,683.0,661.0,667.45,668.0,670.1,949,635722.0,12-JAN-2015,42,INE284A01012
383,ESCORTS,EQ,127.1,128.15,124.8,125.35,125.15,126.2,636895,80432554.6,12-JAN-2015,5550,INE042A01014
384,ESL,EQ,4.2,4.4,4.2,4.2,4.25,4.25,317497,1353121.25,12-JAN-2015,269,INE481K01013
385,ESSAROIL,EQ,102.7,103.9,101.5,101.85,102.0,103.55,118457,12151686.8,12-JAN-2015,1304,INE011A01019
386,ESSARPORTS,EQ,108.1,111.0,108.1,110.0,110.0,109.15,26290,2892194.85,12-JAN-2015,385,INE282A01024
387,ESSARSHPNG,EQ,21.9,22.5,21.35,21.55,21.5,21.45,5838,126463.55,12-JAN-2015,66,INE122M01019
388,ESSDEE,EQ,334.8,339.9,332.2,333.15,333.25,332.6,43455,14525144.2,12-JAN-2015,1521,INE825H01017
389,ESSELPACK,EQ,127.05,130.4,125.4,129.7,129.5,127.35,181154,23446322.9,12-JAN-2015,2060,INE255A01020
390,ESTER,EQ,20.3,20.5,20.05,20.2,20.1,20.0,29473,600911.45,12-JAN-2015,73,INE778B01029
391,EUROCERA,EQ,6.0,6.25,6.0,6.0,6.0,6.3,1165,7244.85,12-JAN-2015,17,INE649H01011
392,EVEREADY,EQ,176.65,177.9,173.3,176.4,176.8,175.35,163861,28896178.5,12-JAN-2015,2173,INE128A01029
393,EVERESTIND,EQ,342.45,347.0,337.9,342.4,343.7,342.4,24996,8543313.3,12-JAN-2015,854,INE295A01018
394,EVERONN,EQ,39.8,41.9,39.65,40.25,40.4,39.95,156622,6374979.9,12-JAN-2015,1688,INE678H01010
395,EXCELCROP,EQ,1158.95,1159.85,1120.05,1124.85,1129.95,1148.8,2442,2772650.5,12-JAN-2015,246,INE223G01017
396,EXCELINDUS,EQ,350.0,350.0,338.0,343.2,342.0,346.45,5026,1730518.75,12-JAN-2015,261,INE369A01029
397,EXCELINFO,EQ,23.2,23.25,19.0,23.15,23.0,22.65,22219,489139.7,12-JAN-2015,189,INE688J01015
398,EXIDEIND,EQ,190.0,190.9,187.1,188.7,188.45,189.5,2076536,392040191.65,12-JAN-2015,13932,INE302A01020
399,FACT,EQ,33.0,33.15,32.55,32.85,32.75,33.1,10692,351631.3,12-JAN-2015,103,INE188A01015
400,FAGBEARING,EQ,3436.05,3494.0,3422.6,3460.25,3460.0,3473.3,3157,10904429.25,12-JAN-2015,1151,INE513A01014
401,FARMAXIND,EQ,1.3,1.3,1.2,1.3,1.3,1.3,39607,48793.85,12-JAN-2015,37,INE890I01035
402,FCEL,EQ,12.6,13.1,12.35,12.75,12.85,12.25,1885735,24131500.5,12-JAN-2015,3290,INE220J01025
403,FCSSOFT,EQ,0.35,0.4,0.35,0.4,0.35,0.35,322824,114795.9,12-JAN-2015,82,INE512B01022
404,FDC,EQ,157.55,160.95,156.0,158.1,158.7,158.9,17218,2735584.25,12-JAN-2015,396,INE258B01022
405,FEDDERLOYD,EQ,75.0,75.95,74.0,74.55,74.5,74.45,53074,3989361.95,12-JAN-2015,446,INE249C01011
406,FEDERALBNK,EQ,149.1,150.8,148.05,149.85,150.0,149.25,2877436,431478690.2,12-JAN-2015,14531,INE171A01029
407,FIEMIND,EQ,878.0,892.0,865.0,882.35,878.3,885.95,22563,19785558.9,12-JAN-2015,1126,INE737H01014
408,FILATEX,EQ,30.0,31.0,30.0,30.3,30.3,29.9,19556,603499.3,12-JAN-2015,172,INE816B01019
409,FINANTECH,EQ,205.7,210.8,203.9,205.65,205.5,204.6,284974,58903405.9,12-JAN-2015,5883,INE111B01023
410,FINCABLES,EQ,268.7,274.0,266.1,268.45,268.45,270.45,117972,31874900.6,12-JAN-2015,3859,INE235A01022
411,FINPIPE,EQ,257.7,264.9,256.55,263.4,264.1,256.5,284251,74663363.05,12-JAN-2015,1803,INE183A01016
412,FLEXITUFF,EQ,212.45,213.0,207.0,210.15,210.0,212.95,20538,4347481.85,12-JAN-2015,141,INE060J01017
413,FLFL,EQ,79.55,81.45,78.15,78.6,78.8,79.55,33569,2670899.3,12-JAN-2015,1309,INE452O01016
414,FMGOETZE,EQ,412.5,457.4,406.6,436.2,436.0,410.2,254118,106837235.35,12-JAN-2015,3102,INE529A01010
415,FMNL,EQ,11.0,11.8,10.15,11.1,11.1,11.0,147986,1671972.5,12-JAN-2015,40,INE360L01017
416,FORTIS,EQ,106.3,108.4,106.05,107.25,107.1,105.65,157527,16900314.95,12-JAN-2015,2135,INE061F01013
417,FOSECOIND,EQ,1186.45,1249.0,1186.4,1213.65,1222.0,1210.05,1173,1434351.5,12-JAN-2015,188,INE519A01011
418,FRL,EQ,107.35,113.2,106.35,111.2,111.2,107.35,1033385,114605363.75,12-JAN-2015,8792,INE623B01027
419,FRLDVR,EQ,50.5,55.2,50.5,53.2,53.0,52.75,11645,626030.55,12-JAN-2015,119,IN9623B01058
420,FSL,EQ,34.7,34.9,33.5,33.85,33.7,34.55,1124871,38401892.55,12-JAN-2015,4335,INE684F01012
421,FTFTF12CDV,MF,11.0,11.0,11.0,11.0,11.0,12.1,20,220.0,12-JAN-2015,2,INF090I01411
422,GABRIEL,EQ,95.5,98.45,95.2,95.85,95.85,96.1,279203,26949955.9,12-JAN-2015,2665,INE524A01029
423,GAEL,EQ,50.2,53.95,49.7,53.3,53.7,51.25,54695,2849382.35,12-JAN-2015,503,INE036B01022
424,GAIL,EQ,435.0,435.45,426.4,430.25,430.0,435.3,1084610,466247916.95,12-JAN-2015,14305,INE129A01019
425,GAL,EQ,36.5,36.5,34.75,36.1,36.5,35.85,11712,418472.8,12-JAN-2015,109,INE482J01013
426,GALLANTT,EQ,24.85,25.0,23.65,24.35,24.3,24.15,18975,464768.85,12-JAN-2015,76,INE297H01019
427,GALLISPAT,EQ,399.5,400.25,398.5,399.45,398.5,399.5,38617,15428265.9,12-JAN-2015,508,INE528K01011
428,GAMMNINFRA,EQ,15.0,15.2,14.55,14.65,14.65,14.9,222854,3293008.2,12-JAN-2015,717,INE181G01025
429,GAMMONIND,EQ,25.05,25.85,24.65,25.15,25.15,25.45,255131,6423442.3,12-JAN-2015,1469,INE259B01020
430,GANDHITUBE,EQ,245.0,259.0,242.05,253.6,250.1,240.0,9438,2406593.15,12-JAN-2015,173,INE524B01027
431,GANESHHOUC,EQ,153.05,154.0,150.0,150.5,150.5,151.0,44608,6759922.25,12-JAN-2015,774,INE460C01014
432,GARDENSILK,EQ,30.5,31.4,30.25,30.8,30.7,30.95,4201,129821.05,12-JAN-2015,106,INE526A01016
433,GARWALLROP,EQ,214.9,217.3,209.0,210.9,211.7,214.9,18044,3852132.55,12-JAN-2015,653,INE276A01018
434,GATI,EQ,273.1,282.65,267.0,276.5,277.0,272.8,1484487,407754656.5,12-JAN-2015,19657,INE152B01027
435,GAYAPROJ,EQ,166.2,166.2,157.15,157.95,157.5,158.75,10219,1631931.85,12-JAN-2015,348,INE336H01015
436,GDL,EQ,354.3,363.65,352.0,356.6,358.0,352.7,142634,50920160.6,12-JAN-2015,2968,INE852F01015
437,GEECEE,EQ,45.0,46.0,44.55,46.0,46.0,44.65,1353,61061.25,12-JAN-2015,15,INE916G01016
438,GEINDSYS,EQ,25.0,25.0,23.55,24.5,24.5,25.0,1848,44529.75,12-JAN-2015,25,INE599B01011
439,GEMINI,EQ,1.5,1.5,1.4,1.5,1.5,1.5,6005,8646.75,12-JAN-2015,13,INE878C01033
440,GENESYS,EQ,52.5,53.75,51.4,52.9,51.75,52.9,1349,70306.55,12-JAN-2015,84,INE727B01026
441,GENUSPOWER,EQ,26.0,28.5,25.6,28.0,28.1,25.95,294532,8069996.35,12-JAN-2015,1259,INE955D01029
442,GEOJITBNPP,EQ,38.95,39.7,38.55,39.0,38.9,38.65,304095,11870812.05,12-JAN-2015,1001,INE007B01023
443,GEOMETRIC,EQ,128.3,131.4,127.5,129.2,129.4,128.5,173481,22453211.4,12-JAN-2015,3820,INE797A01021
444,GESHIP,EQ,353.7,355.45,350.3,351.0,351.85,350.2,166934,58640998.8,12-JAN-2015,6174,INE017A01032
445,GHCL,EQ,71.8,71.85,70.0,70.95,71.2,71.75,91963,6527808.3,12-JAN-2015,823,INE539A01019
446,GICHSGFIN,EQ,269.9,284.85,263.1,280.7,279.0,271.2,1537464,423244501.2,12-JAN-2015,23764,INE289B01019
447,GILLANDERS,EQ,66.9,68.3,66.1,67.85,68.3,66.3,3101,208048.05,12-JAN-2015,51,INE047B01011
448,GILLETTE,EQ,3361.0,3399.65,3351.45,3371.95,3362.0,3399.65,1491,5036735.95,12-JAN-2015,372,INE322A01010
449,GINNIFILA,EQ,11.75,13.95,11.25,13.75,13.6,12.05,198405,2564447.1,12-JAN-2015,808,INE424C01010
450,GIPCL,EQ,84.95,85.9,84.35,84.8,84.95,84.7,20285,1727909.9,12-JAN-2015,202,INE162A01010
451,GITANJALI,EQ,53.5,54.8,53.15,54.05,54.2,53.1,402635,21777558.05,12-JAN-2015,3856,INE346H01014
452,GKB,EQ,35.65,35.65,35.55,35.55,35.55,37.0,270,9621.0,12-JAN-2015,3,INE265D01015
453,GKWLIMITED,EQ,920.0,920.0,865.0,869.3,866.0,905.75,1294,1149571.0,12-JAN-2015,85,INE528A01020
454,GLAXO,EQ,3202.9,3240.0,3187.65,3192.8,3191.0,3192.65,10159,32474190.9,12-JAN-2015,1065,INE159A01016
455,GLENMARK,EQ,740.0,741.55,723.55,727.05,726.25,735.4,500417,364680358.25,12-JAN-2015,23023,INE935A01035
456,GLOBALVECT,EQ,66.0,66.85,63.95,64.25,63.95,66.75,9653,626758.85,12-JAN-2015,111,INE792H01019
457,GLOBOFFS,EQ,746.3,763.9,740.1,752.3,752.9,740.35,48830,36869724.35,12-JAN-2015,1942,INE446C01013
458,GLOBUSSPR,EQ,67.5,67.5,66.15,66.4,66.25,67.45,28765,1920146.5,12-JAN-2015,352,INE615I01010
459,GLODYNE,BE,3.6,3.65,3.5,3.5,3.5,3.65,7512,26422.4,12-JAN-2015,32,INE932G01021
460,GMBREW,EQ,128.0,133.55,117.2,118.7,118.4,124.85,358490,44067874.7,12-JAN-2015,6765,INE075D01018
461,GMDCLTD,EQ,127.8,128.7,124.05,124.85,124.7,128.9,135737,17100328.3,12-JAN-2015,1373,INE131A01031
462,GMRINFRA,EQ,17.25,17.4,17.1,17.25,17.25,17.2,10366187,178900917.25,12-JAN-2015,9987,INE776C01039
463,GNFC,EQ,85.15,85.5,83.5,83.75,83.65,84.55,10663,897951.45,12-JAN-2015,264,INE113A01013
464,GOACARBON,EQ,83.0,86.2,82.6,84.45,84.2,83.4,38417,3255790.35,12-JAN-2015,797,INE426D01013
465,GODFRYPHLP,EQ,572.55,573.85,562.15,570.1,567.0,569.0,10570,6015638.75,12-JAN-2015,461,INE260B01028
466,GODREJCP,EQ,1029.0,1067.7,1025.0,1058.85,1060.0,1023.55,150304,158361548.5,12-JAN-2015,6726,INE102D01028
467,GODREJIND,EQ,284.7,289.8,283.0,288.45,287.1,284.6,141508,40706170.8,12-JAN-2015,3305,INE233A01035
468,GODREJPROP,EQ,251.0,254.85,250.1,253.2,253.5,251.0,62726,15860245.55,12-JAN-2015,2181,INE484J01027
469,GOENKA,BZ,1.85,1.85,1.85,1.85,1.85,1.8,5601,10361.85,12-JAN-2015,4,INE516K01024
470,GOKEX,EQ,67.75,67.85,66.1,66.85,67.3,66.65,43432,2907853.7,12-JAN-2015,329,INE887G01027
471,GOKUL,EQ,17.0,17.75,16.5,17.6,17.75,17.75,315,5520.4,12-JAN-2015,12,INE020J01029
472,GOLDBEES,EQ,2472.0,2491.0,2465.0,2478.9,2480.0,2456.35,19180,47611039.55,12-JAN-2015,3244,INF732E01102
473,GOLDENTOBC,EQ,53.5,54.0,52.6,53.45,53.5,52.75,54899,2916529.3,12-JAN-2015,159,INE973A01010
474,GOLDIAM,EQ,26.6,27.5,26.6,27.2,27.2,27.3,10562,286598.5,12-JAN-2015,106,INE025B01017
475,GOLDINFRA,EQ,13.65,14.5,13.35,14.35,14.35,13.75,23812,338165.2,12-JAN-2015,82,INE260D01016
476,GOLDSHARE,EQ,2456.05,2487.4,2456.0,2475.2,2470.8,2448.3,3265,8077985.8,12-JAN-2015,408,INF789F01059
477,GOLDTECH,EQ,6.05,6.9,5.8,6.2,6.1,6.4,17293,107535.3,12-JAN-2015,56,INE805A01014
478,GOODLUCK,EQ,73.5,75.15,73.1,73.85,74.0,73.35,167195,12468895.45,12-JAN-2015,545,INE127I01024
479,GPIL,EQ,120.3,126.85,119.0,120.85,120.55,119.75,55012,6679970.6,12-JAN-2015,1192,INE177H01013
480,GPPL,EQ,223.5,223.75,218.0,220.05,219.0,221.9,685234,150443602.2,12-JAN-2015,15255,INE517F01014
481,GRANULES,EQ,816.0,855.0,806.0,843.15,846.0,812.7,196892,164804554.45,12-JAN-2015,8773,INE101D01012
482,GRAPHITE,EQ,87.95,88.25,86.95,87.25,87.5,87.55,17737,1554885.05,12-JAN-2015,272,INE371A01025
483,GRASIM,EQ,3409.5,3448.0,3393.0,3435.55,3439.0,3404.55,28484,97253498.85,12-JAN-2015,2588,INE047A01013
484,GRAVITA,EQ,62.15,63.8,60.7,61.55,61.25,61.95,72719,4520736.95,12-JAN-2015,968,INE024L01027
485,GREAVESCOT,EQ,156.05,159.4,151.05,151.9,152.0,154.35,322709,50173540.7,12-JAN-2015,6537,INE224A01026
486,GREENPLY,EQ,875.0,896.0,851.3,857.95,856.0,862.6,3653,3181331.95,12-JAN-2015,498,INE461C01020
487,GREENPOWER,EQ,16.0,16.1,15.6,15.85,15.85,15.8,89249,1421892.75,12-JAN-2015,258,INE999K01014
488,GRINDWELL,EQ,619.95,619.95,588.85,601.35,600.05,610.5,9402,5600582.3,12-JAN-2015,1306,INE536A01023
489,GRUH,EQ,294.8,301.0,292.0,293.8,294.5,294.0,214934,63651803.95,12-JAN-2015,4347,INE580B01029
490,GSCLCEMENT,EQ,31.05,31.05,30.15,30.9,30.65,30.4,25664,787472.45,12-JAN-2015,211,INE542A01039
491,GSFC,EQ,102.0,104.2,101.75,102.8,103.15,101.7,294443,30350599.35,12-JAN-2015,2429,INE026A01025
492,GSKCONS,EQ,5758.1,5760.0,5710.0,5717.55,5720.0,5731.45,4618,26468217.25,12-JAN-2015,555,INE264A01014
493,GSPL,EQ,125.0,126.3,121.7,123.55,124.4,125.0,1105707,136320871.95,12-JAN-2015,11017,INE246F01010
494,GSS,EQ,27.75,29.8,27.25,28.5,28.5,27.7,6667,187608.2,12-JAN-2015,130,INE871H01011
495,GTL,EQ,17.25,17.65,17.1,17.45,17.55,17.15,102585,1784768.05,12-JAN-2015,428,INE043A01012
496,GTLINFRA,EQ,2.55,2.6,2.45,2.45,2.5,2.55,1009016,2531846.6,12-JAN-2015,933,INE221H01019
497,GTNIND,EQ,11.5,11.5,11.5,11.5,11.5,11.8,14,161.0,12-JAN-2015,1,INE537A01013
498,GTNTEX,EQ,11.1,11.1,10.5,11.1,11.1,11.0,550,6075.0,12-JAN-2015,4,INE302H01017
499,GTOFFSHORE,EQ,72.0,72.2,70.0,70.5,70.95,71.7,46639,3304640.35,12-JAN-2015,1444,INE892H01017
500,GUFICBIO,EQ,16.45,16.45,15.8,15.95,16.2,16.15,10581,169806.05,12-JAN-2015,153,INE742B01025
501,GUJALKALI,EQ,177.95,179.85,177.2,178.0,178.2,177.1,14903,2654112.3,12-JAN-2015,292,INE186A01019
502,GUJAPOLLO,EQ,149.0,164.5,149.0,158.7,158.0,150.0,178668,28588878.15,12-JAN-2015,3602,INE826C01016
503,GUJFLUORO,EQ,740.55,745.0,732.0,736.7,732.1,740.0,11230,8274284.3,12-JAN-2015,756,INE538A01037
504,GUJNRECOKE,EQ,5.7,5.75,5.5,5.7,5.65,5.7,1190196,6715152.3,12-JAN-2015,1051,INE110D01013
505,GUJNREDVR,EQ,2.85,2.95,2.75,2.95,2.95,2.85,11350,32970.7,12-JAN-2015,48,IN9110D01011
506,GUJRATGAS,EQ,748.5,774.0,736.0,764.5,760.95,748.35,530889,403805888.8,12-JAN-2015,15060,INE374A01029
507,GULFCORP,EQ,154.5,165.0,154.5,163.05,164.85,155.05,36920,5905452.2,12-JAN-2015,879,INE077F01035
508,GULFOILLUB,EQ,512.55,552.9,509.0,538.65,542.75,514.1,133013,71322752.4,12-JAN-2015,4869,INE635Q01029
509,GVKPIL,EQ,9.0,9.5,8.9,9.45,9.45,9.05,5037270,47038222.55,12-JAN-2015,4011,INE251H01024
510,HANUNG,EQ,22.3,23.95,22.15,22.3,22.3,23.45,77230,1742793.15,12-JAN-2015,592,INE648H01013
511,HARITASEAT,EQ,172.0,172.8,170.1,172.7,172.7,171.95,1174,202350.05,12-JAN-2015,21,INE939D01015
512,HARRMALAYA,EQ,54.0,54.95,53.0,53.25,53.1,53.7,12907,691451.55,12-JAN-2015,170,INE544A01019
513,HATHWAY,EQ,65.8,65.8,63.8,65.05,65.1,65.0,102676,6668683.9,12-JAN-2015,984,INE982F01036
514,HATSUN,EQ,318.15,318.15,312.1,313.35,313.3,321.55,3581,1126288.1,12-JAN-2015,114,INE473B01035
515,HAVELLS,EQ,274.9,274.9,268.1,270.85,271.1,273.1,1060034,286598703.65,12-JAN-2015,18971,INE176B01034
516,HBLPOWER,EQ,35.35,40.85,35.35,37.6,37.45,35.05,6425218,247030546.65,12-JAN-2015,21968,INE292B01021
517,HBSTOCK,EQ,12.4,14.0,12.4,13.0,13.0,13.5,2626,34214.0,12-JAN-2015,19,INE550B01014
518,HCC,EQ,28.9,30.25,28.5,29.2,29.3,28.7,2592060,76022548.05,12-JAN-2015,10022,INE549A01026
519,HCIL,EQ,24.8,25.5,24.15,24.8,24.6,24.8,11472,283384.75,12-JAN-2015,137,INE019C01026
520,HCL-INSYS,EQ,53.2,54.2,52.7,52.95,52.7,52.9,1201343,63958814.1,12-JAN-2015,6494,INE236A01020
521,HCLTECH,EQ,1555.1,1579.0,1540.7,1575.55,1575.0,1545.55,665421,1039622988.0,12-JAN-2015,42335,INE860A01027
522,HDFC,EQ,1114.35,1135.0,1098.4,1128.55,1129.15,1113.3,1483952,1653391028.3,12-JAN-2015,60582,INE001A01036
523,HDFCBANK,EQ,969.4,974.4,964.5,967.05,966.2,975.65,1031603,999351953.05,12-JAN-2015,14478,INE040A01026
524,HDFCBANK,IL,1060.0,1060.0,1040.0,1040.0,0.0,1060.0,15005,15605300.0,12-JAN-2015,2,INE040A01026
525,HDFCMFGETF,EQ,2550.0,2584.0,2550.0,2557.1,2555.5,2542.2,1854,4748025.75,12-JAN-2015,425,INF179K01CN1
526,HDIL,EQ,68.5,69.75,67.8,69.1,69.2,68.05,7175447,493589128.65,12-JAN-2015,33289,INE191I01012
527,HEG,EQ,231.2,238.5,230.55,237.4,238.0,231.9,122648,28935970.6,12-JAN-2015,1115,INE545A01016
528,HEIDELBERG,EQ,78.85,80.5,77.95,80.15,80.0,78.05,422580,33253788.3,12-JAN-2015,1586,INE578A01017
529,HELIOSMATH,EQ,81.75,82.8,81.1,81.85,81.7,81.2,63934,5241568.4,12-JAN-2015,853,INE674B01012
530,HERCULES,EQ,210.0,212.9,209.05,210.6,210.3,210.55,18915,3994201.45,12-JAN-2015,725,INE688E01024
531,HERITGFOOD,EQ,389.95,399.7,382.0,394.5,396.0,387.55,52100,20553669.05,12-JAN-2015,2033,INE978A01019
532,HEROMOTOCO,EQ,2988.0,2988.0,2924.0,2937.15,2949.0,2992.25,396343,1170074561.65,12-JAN-2015,29168,INE158A01026
533,HEXATRADEX,EQ,22.2,23.8,21.65,23.45,23.45,22.75,1201,26967.25,12-JAN-2015,29,INE750M01017
534,HEXAWARE,EQ,211.4,213.65,210.15,211.3,211.0,209.3,1895665,401843862.5,12-JAN-2015,22632,INE093A01033
535,HFCL,EQ,17.9,18.55,17.8,18.25,18.3,17.85,3692157,67415332.9,12-JAN-2015,4129,INE548A01028
536,HGS,EQ,632.75,639.75,630.0,633.0,630.0,632.5,3997,2529229.85,12-JAN-2015,252,INE170I01016
537,HIKAL,EQ,806.5,806.5,768.5,776.25,778.8,790.7,9276,7239105.9,12-JAN-2015,597,INE475B01014
538,HIL,EQ,668.0,728.9,668.0,723.25,723.0,666.65,71445,50639458.05,12-JAN-2015,2836,INE557A01011
539,HILTON,EQ,18.95,18.95,18.05,18.15,18.15,18.75,200,3705.0,12-JAN-2015,3,INE788H01017
540,HIMATSEIDE,EQ,91.2,92.6,90.55,91.0,90.65,90.65,56468,5165972.2,12-JAN-2015,828,INE049A01027
541,HINDALCO,EQ,155.2,155.2,150.5,151.1,151.0,155.0,4659450,707965870.75,12-JAN-2015,21673,INE038A01020
542,HINDCOMPOS,EQ,1120.0,1159.95,1105.0,1151.2,1149.4,1128.05,49,55967.15,12-JAN-2015,25,INE310C01011
543,HINDCOPPER,EQ,70.55,70.75,69.65,70.3,70.25,70.15,102340,7187829.75,12-JAN-2015,1866,INE531E01026
544,HINDDORROL,EQ,17.9,21.35,17.35,21.35,21.35,17.8,294722,5996887.15,12-JAN-2015,779,INE551A01022
545,HINDMOTORS,EQ,7.6,8.0,7.6,7.95,8.0,7.75,68686,538187.1,12-JAN-2015,210,INE253A01025
546,HINDNATGLS,EQ,117.0,122.95,117.0,121.5,121.9,121.5,840,99267.5,12-JAN-2015,17,INE952A01022
547,HINDOILEXP,EQ,36.0,36.2,35.2,35.65,35.55,35.85,504375,17966107.2,12-JAN-2015,2899,INE345A01011
548,HINDPETRO,EQ,594.75,594.75,580.65,585.0,585.0,589.1,984471,577193891.8,12-JAN-2015,17485,INE094A01015
549,HINDSYNTEX,EQ,15.1,15.1,13.15,13.95,14.0,13.85,1245,17408.0,12-JAN-2015,13,INE155B01012
550,HINDUJAFO,EQ,41.3,41.45,40.15,40.95,40.95,40.5,1000,40819.95,12-JAN-2015,15,INE291F01016
551,HINDUJAVEN,EQ,315.0,318.8,311.5,316.3,318.8,311.1,7313,2305080.25,12-JAN-2015,458,INE353A01023
552,HINDUNILVR,EQ,867.5,899.8,864.25,896.6,899.0,864.6,4338065,3853617198.95,12-JAN-2015,124491,INE030A01027
553,HINDZINC,EQ,161.1,162.75,159.1,159.55,159.4,162.75,1086665,174190744.15,12-JAN-2015,20764,INE267A01025
554,HIRECT,EQ,88.0,88.0,84.25,85.95,85.95,85.75,10790,919017.1,12-JAN-2015,159,INE835D01023
555,HITACHIHOM,EQ,874.0,892.15,866.1,873.35,875.1,873.85,47978,42086210.95,12-JAN-2015,2524,INE782A01015
556,HITECHGEAR,EQ,329.7,343.0,325.0,336.15,337.0,329.3,84595,28506659.15,12-JAN-2015,2845,INE127B01011
557,HITECHPLAS,EQ,123.0,126.0,123.0,125.15,125.0,122.95,9308,1157095.2,12-JAN-2015,237,INE120D01012
558,HMT,EQ,61.4,66.5,60.8,65.55,65.8,61.1,2436616,157598760.55,12-JAN-2015,15100,INE262A01018
559,HMVL,EQ,235.0,243.0,234.9,239.65,240.5,229.85,126805,30502489.4,12-JAN-2015,4416,INE871K01015
560,HNGSNGBEES,EQ,2075.0,2075.0,2025.0,2025.0,2025.0,2060.0,5,10325.0,12-JAN-2015,4,INF732E01227
561,HOCL,EQ,22.9,23.25,22.0,22.35,22.45,22.45,38120,861122.4,12-JAN-2015,245,INE048A01011
562,HONAUT,EQ,6755.15,6850.0,6755.1,6826.1,6829.95,6783.7,298,2029730.1,12-JAN-2015,70,INE671A01010
563,HONDAPOWER,EQ,941.8,954.95,930.1,934.1,932.1,947.9,4170,3924986.2,12-JAN-2015,326,INE634A01018
564,HOTELEELA,EQ,21.0,21.4,20.7,20.8,20.8,20.95,174664,3670091.6,12-JAN-2015,851,INE102A01024
565,HOTELRUGBY,EQ,4.5,4.5,4.5,4.5,4.5,4.3,3000,13500.0,12-JAN-2015,3,INE275F01019
566,HOVS,EQ,149.7,149.7,144.45,145.4,145.2,146.15,19734,2880336.2,12-JAN-2015,393,INE596H01014
567,HSIL,EQ,376.7,388.0,374.0,382.7,381.5,373.4,100587,38468857.6,12-JAN-2015,2840,INE415A01038
568,HTMEDIA,EQ,124.0,126.75,122.25,123.7,123.4,123.8,36645,4554872.0,12-JAN-2015,1049,INE501G01024
569,HUBTOWN,EQ,104.0,106.8,103.0,103.55,103.55,104.25,106113,11146664.7,12-JAN-2015,1382,INE703H01016
570,HUDCO,N2,1153.95,1153.95,1152.0,1152.16,1152.0,1152.79,1070,1233800.5,12-JAN-2015,6,INE031A07840
571,HUDCO,N4,1061.1,1061.1,1061.1,1061.1,1061.1,1068.0,100,106110.0,12-JAN-2015,2,INE031A07857
572,HUDCO,N5,1090.0,1096.0,1090.0,1095.0,1095.0,1093.0,630,689600.0,12-JAN-2015,8,INE031A07865
573,HUDCO,N7,979.6,1040.0,979.6,1040.0,1040.0,1050.0,2,2019.6,12-JAN-2015,2,INE031A07881
574,HYDROS&S,EQ,183.25,195.0,183.25,192.95,194.95,189.4,2545,485428.5,12-JAN-2015,30,INE473D01015
575,IBREALEST,EQ,68.6,69.4,67.2,68.75,68.6,68.7,4500015,307254143.55,12-JAN-2015,17372,INE069I01010
576,IBSEC,EQ,24.55,25.35,24.5,24.9,24.95,23.55,566305,14036575.45,12-JAN-2015,1532,INE274G01010
577,IBULHSGFIN,EQ,493.1,505.5,488.35,497.6,498.45,495.5,1153424,574788711.05,12-JAN-2015,20418,INE148I01020
578,IBWSL,EQ,13.15,13.9,13.0,13.5,13.4,13.25,125203,1675474.85,12-JAN-2015,288,INE126M01010
579,ICICIBANK,EQ,342.75,347.6,338.7,346.55,346.65,341.85,7549196,2591172612.1,12-JAN-2015,109753,INE090A01021
580,ICIL,EQ,342.8,362.0,329.0,353.0,353.25,340.1,93343,33187074.3,12-JAN-2015,2550,INE483B01018
581,ICNX100,EQ,85.3,85.3,84.99,85.2,85.2,85.3,180,15321.85,12-JAN-2015,16,INF109KA1962
582,ICRA,EQ,3250.0,3313.25,3212.5,3285.1,3300.0,3250.65,1274,4154718.95,12-JAN-2015,377,INE725G01011
583,ICSA,EQ,4.55,4.75,4.45,4.45,4.45,4.65,45346,207089.7,12-JAN-2015,100,INE306B01029
584,IDBI,EQ,72.4,75.1,71.7,74.85,75.1,72.4,2617931,193414802.85,12-JAN-2015,16353,INE008A01015
585,IDBIGOLD,EQ,2590.0,2645.0,2590.0,2592.0,2592.0,2569.0,69,178910.35,12-JAN-2015,14,INF397L01554
586,IDEA,EQ,147.1,147.85,144.6,146.1,145.95,147.6,1765476,257700878.3,12-JAN-2015,27205,INE669E01016
587,IDFC,EQ,153.15,157.3,153.15,155.4,156.0,154.0,3912669,609026107.35,12-JAN-2015,16543,INE043D01016
588,IFBAGRO,EQ,371.0,395.9,371.0,389.2,390.0,386.35,9728,3782304.25,12-JAN-2015,605,INE076C01018
589,IFBIND,EQ,473.95,484.5,466.25,469.2,468.5,472.75,83207,39304232.55,12-JAN-2015,2060,INE559A01017
590,IFCI,EQ,36.45,36.95,36.1,36.75,36.9,36.45,2854606,104439495.1,12-JAN-2015,7912,INE039A01010
591,IFCI,NC,1005.0,1005.0,1005.0,1005.0,1005.0,1001.25,100,100500.0,12-JAN-2015,1,INE039A07751
592,IFCI,NH,1015.0,1016.0,1015.0,1015.0,1015.0,1016.2,152,154286.0,12-JAN-2015,27,INE039A07801
593,IFGLREFRAC,EQ,140.5,143.75,140.05,141.25,140.4,140.1,5316,752054.3,12-JAN-2015,163,INE023B01012
594,IGARASHI,EQ,312.5,329.5,310.0,322.5,323.2,310.9,146917,47505190.8,12-JAN-2015,5428,INE188B01013
595,IGL,EQ,453.55,459.85,447.3,452.6,450.65,451.6,286709,129972089.05,12-JAN-2015,9491,INE203G01019
596,IGOLD,EQ,2536.05,2560.0,2533.0,2550.1,2550.1,2525.7,314,800951.65,12-JAN-2015,41,INF109K01FV4
597,IGPL,EQ,54.8,59.0,54.0,56.9,56.3,53.35,14440,814644.3,12-JAN-2015,194,INE204A01010
598,IIFL,EQ,171.55,172.8,168.0,169.15,169.65,171.95,18463,3139343.9,12-JAN-2015,506,INE530B01024
599,IIFLFIN,N4,1096.85,1104.0,1091.6,1099.93,1104.0,1099.57,1045,1145187.6,12-JAN-2015,22,INE866I07230
600,IIFLFIN,N5,1056.0,1056.19,1054.01,1055.12,1055.02,1054.14,1251,1318979.45,12-JAN-2015,18,INE866I08139
601,IIFLFIN,N6,1105.0,1109.0,1105.0,1109.0,1109.0,1105.03,55,60935.0,12-JAN-2015,2,INE866I08147
602,IIFLFIN,N8,1023.5,1027.0,1023.5,1025.09,1025.4,1024.5,1171,1200614.19,12-JAN-2015,52,INE866I07578
603,IIFLFIN,N9,1105.0,1105.0,1105.0,1105.0,1105.0,1103.7,10,11050.0,12-JAN-2015,2,INE866I07586
604,IIFLFIN,,1031.05,1037.0,1031.0,1036.01,1036.02,1034.0,1343,1390653.16,12-JAN-2015,26,INE866I07594
605,IIFLNIFTY,EQ,844.8,869.0,844.8,849.97,850.0,880.0,332,282463.55,12-JAN-2015,22,INF579M01019
606,IIHFL,N1,1010.15,1013.9,1010.15,1013.89,1013.89,1012.27,1032,1045305.2,12-JAN-2015,40,INE477L07040
607,IIHFL,N2,1037.85,1039.85,1032.61,1039.49,1039.85,1037.8,975,1012332.29,12-JAN-2015,41,INE477L08014
608,IITL,EQ,89.95,95.0,88.6,93.65,94.8,88.65,6823,629967.6,12-JAN-2015,75,INE886A01014
609,IL&FSENGG,EQ,60.0,60.35,59.2,59.6,60.0,59.95,40970,2445835.2,12-JAN-2015,321,INE369I01014
610,IL&FSTRANS,EQ,189.5,192.95,186.55,189.6,188.8,190.15,81092,15441498.45,12-JAN-2015,3411,INE975G01012
611,IMFA,EQ,212.4,218.45,208.0,210.65,208.4,216.95,3208,674621.5,12-JAN-2015,720,INE919H01018
612,IMPAL,EQ,732.9,732.9,716.55,721.6,717.05,725.0,1690,1222913.35,12-JAN-2015,186,INE547E01014
613,IMPEXFERRO,EQ,3.3,3.45,3.15,3.15,3.15,3.3,112072,365091.6,12-JAN-2015,259,INE691G01015
614,INDBANK,EQ,10.35,12.0,9.9,12.0,12.0,10.0,441491,5115143.05,12-JAN-2015,1267,INE841B01017
615,INDHOTEL,D1,110.55,114.03,110.55,111.65,112.0,111.5,13013,1469291.25,12-JAN-2015,22,INE053A08081
616,INDHOTEL,EQ,119.8,120.3,118.2,118.8,118.6,119.1,1061201,126666422.85,12-JAN-2015,3485,INE053A01029
617,INDIACEM,EQ,83.3,87.0,83.1,86.7,86.55,83.7,1357266,116183288.05,12-JAN-2015,13913,INE383A01012
618,INDIAGLYCO,EQ,101.0,102.9,100.2,101.35,101.55,101.05,43404,4419691.9,12-JAN-2015,1091,INE560A01015
619,INDIANB,EQ,211.7,217.5,207.05,213.85,212.65,209.9,225537,48274581.0,12-JAN-2015,4100,INE562A01011
620,INDIANCARD,EQ,115.75,115.85,114.05,115.3,115.85,111.7,473,54560.25,12-JAN-2015,19,INE061A01014
621,INDIANHUME,EQ,359.9,359.9,341.25,357.1,357.0,343.8,34934,12395678.35,12-JAN-2015,1064,INE323C01030
622,INDLMETER,EQ,52.0,59.25,52.0,59.25,59.25,49.4,30667,1775828.5,12-JAN-2015,467,INE065B01013
623,INDNIPPON,EQ,465.05,480.0,465.05,478.55,480.0,466.05,1658,784899.05,12-JAN-2015,122,INE092B01017
624,INDOCO,EQ,328.0,335.0,315.0,318.8,318.0,327.55,59258,19136946.7,12-JAN-2015,1703,INE873D01024
625,INDORAMA,EQ,21.5,22.4,21.25,22.1,22.35,21.5,18944,414734.85,12-JAN-2015,123,INE156A01020
626,INDOSOLAR,EQ,9.0,9.8,8.95,9.8,9.8,8.95,3100297,29516020.0,12-JAN-2015,2912,INE866K01015
627,INDOTECH,EQ,219.35,227.9,219.35,221.35,222.15,218.0,5688,1267039.7,12-JAN-2015,197,INE332H01014
628,INDOTHAI,EQ,14.5,15.45,14.1,14.3,14.3,14.9,1220,18595.5,12-JAN-2015,7,INE337M01013
629,INDOWIND,BE,4.85,5.25,4.8,4.8,4.8,5.05,57392,283451.9,12-JAN-2015,103,INE227G01018
630,INDRAMEDCO,EQ,70.3,72.35,69.35,70.05,70.0,69.65,261972,18497988.55,12-JAN-2015,2465,INE681B01017
631,INDSWFTLAB,EQ,26.6,30.25,26.6,30.0,30.0,28.65,74204,2202278.05,12-JAN-2015,640,INE915B01019
632,INDSWFTLTD,BE,6.45,6.45,6.1,6.45,6.45,6.25,117,728.4,12-JAN-2015,3,INE788B01028
633,INDTERRAIN,EQ,540.5,580.0,530.4,570.1,569.5,545.0,5148,2853115.65,12-JAN-2015,268,INE611L01013
634,INDUSFILA,BE,3.6,3.6,3.6,3.6,3.6,3.6,1600,5760.0,12-JAN-2015,4,INE025I01012
635,INDUSINDBK,EQ,804.95,839.2,797.0,829.45,836.0,802.0,896776,735263353.75,12-JAN-2015,19954,INE095A01012
636,INFINITE,EQ,143.9,144.5,140.85,143.3,143.3,141.7,42033,5995239.25,12-JAN-2015,1063,INE486J01014
637,INFODRIVE,EQ,0.8,0.85,0.8,0.8,0.8,0.85,416634,335564.25,12-JAN-2015,117,INE804D01029
638,INFOMEDIA,EQ,4.7,4.7,4.0,4.2,4.5,4.3,79107,330301.5,12-JAN-2015,151,INE669A01022
639,INFRABEES,EQ,310.1,311.2,307.0,308.55,309.0,310.08,291,89758.76,12-JAN-2015,31,INF732E01268
640,INFRATEL,EQ,338.2,343.85,338.2,342.5,343.0,343.0,141701,48517703.9,12-JAN-2015,8982,INE121J01017
641,INFY,EQ,2092.0,2119.2,2075.0,2115.95,2112.95,2074.45,3189722,6696515951.1,12-JAN-2015,107209,INE009A01021
642,INGERRAND,EQ,908.0,938.0,906.0,914.7,920.0,906.65,43385,40171387.3,12-JAN-2015,2395,INE177A01018
643,INGVYSYABK,EQ,943.0,962.75,933.5,959.8,953.0,943.7,2184497,2092598592.6,12-JAN-2015,11422,INE166A01011
644,INIFTY,EQ,85.35,86.0,84.51,86.0,86.0,85.35,610,52186.09,12-JAN-2015,32,INF109K012R6
645,INNOIND,EQ,14.5,17.1,14.5,16.45,16.7,14.25,52009,860005.05,12-JAN-2015,255,INE549I01011
646,INOXLEISUR,EQ,178.0,180.5,176.35,178.0,177.85,175.8,40300,7210164.35,12-JAN-2015,1405,INE312H01016
647,INSECTICID,EQ,867.9,875.0,856.95,866.2,863.0,866.0,8121,7009739.7,12-JAN-2015,492,INE070I01018
648,INTELLECT,EQ,118.0,134.4,113.4,129.95,126.75,115.7,17485970,2172486150.05,12-JAN-2015,115022,INE306R01017
649,INVENTURE,EQ,11.65,11.65,11.1,11.25,11.35,11.5,16763,189062.25,12-JAN-2015,87,INE878H01016
650,IOB,EQ,60.0,61.1,59.0,60.75,60.7,59.85,1500244,90683710.45,12-JAN-2015,6180,INE565A01014
651,IOC,EQ,341.1,343.0,338.05,339.5,338.7,341.7,561944,191145747.7,12-JAN-2015,7294,INE242A01010
652,IOLCP,EQ,51.5,52.65,49.5,51.35,50.0,51.1,21818,1112738.25,12-JAN-2015,224,INE485C01011
653,IPAPPM,EQ,252.55,277.75,252.0,270.3,269.0,250.7,183562,49257756.8,12-JAN-2015,3819,INE435A01028
654,IPCALAB,EQ,744.7,749.0,726.6,733.3,735.0,738.6,112893,83051239.75,12-JAN-2015,3470,INE571A01020
655,IPRINGLTD,EQ,91.5,96.3,90.4,93.4,96.3,93.0,478,44228.45,12-JAN-2015,32,INE558A01019
656,IRB,EQ,238.0,247.2,234.1,246.4,247.0,238.05,1865385,451068334.0,12-JAN-2015,24432,INE821I01014
657,IREDA,N6,1278.95,1278.95,1278.95,1278.95,1278.95,1229.0,1,1278.95,12-JAN-2015,1,INE202E07153
658,IRFC,N1,1065.0,1071.0,1065.0,1071.0,1071.0,1063.5,500,533100.0,12-JAN-2015,2,INE053F07520
659,IRFC,N2,1095.25,1096.03,1095.25,1096.03,1096.03,1095.0,20,21912.8,12-JAN-2015,2,INE053F07538
660,IRFC,N3,1015.0,1015.0,1015.0,1015.0,1015.0,1038.0,5,5075.0,12-JAN-2015,1,INE053F07561
661,IRFC,N4,1030.0,1030.0,1027.55,1027.55,1027.55,1040.0,20,20575.5,12-JAN-2015,2,INE053F07579
662,IRFC,N9,1156.0,1157.0,1156.0,1156.44,1157.0,1170.86,45,52040.0,12-JAN-2015,2,INE053F07678
663,IRFC,,1203.89,1210.0,1201.0,1210.0,1210.0,1203.86,1115,1343683.65,12-JAN-2015,29,INE053F07686
664,IRFC,NE,1225.0,1225.0,1225.0,1225.0,1225.0,1235.0,250,306250.0,12-JAN-2015,4,INE053F07744
665,ISFT,EQ,87.2,87.2,87.2,87.2,87.2,83.05,2876,250787.2,12-JAN-2015,23,INE566K01011
666,ISMTLTD,EQ,16.55,16.8,16.2,16.3,16.25,16.55,51765,849335.35,12-JAN-2015,203,INE732F01019
667,ITC,EQ,357.45,361.35,356.1,357.85,357.9,356.9,6579300,2355644349.45,12-JAN-2015,93219,INE154A01025
668,ITDCEM,EQ,486.0,498.7,482.6,487.85,485.2,485.6,6497,3177373.65,12-JAN-2015,289,INE686A01018
669,ITI,EQ,30.2,31.55,30.0,30.75,30.65,30.2,622782,19330684.3,12-JAN-2015,3139,INE248A01017
670,IVC,EQ,18.55,18.9,18.5,18.7,18.7,18.6,172747,3235869.1,12-JAN-2015,282,INE050B01023
671,IVP,EQ,49.05,49.9,47.5,48.45,49.9,49.55,4934,239237.8,12-JAN-2015,23,INE043C01018
672,IVRCLINFRA,EQ,18.5,18.5,17.3,18.15,18.15,18.5,854881,15493487.15,12-JAN-2015,1759,INE875A01025
673,J&KBANK,EQ,148.0,151.9,147.5,150.55,151.0,147.85,324677,48804705.5,12-JAN-2015,4810,INE168A01041
674,JAGRAN,EQ,135.95,140.05,135.95,138.45,137.2,135.55,103417,14244007.85,12-JAN-2015,1627,INE199G01027
675,JAGSNPHARM,EQ,38.45,38.5,36.55,37.2,37.4,38.1,44284,1651538.3,12-JAN-2015,358,INE048B01027
676,JAIBALAJI,EQ,14.55,15.0,14.3,14.6,14.6,14.55,20323,297404.45,12-JAN-2015,59,INE091G01018
677,JAICORPLTD,EQ,76.8,78.85,75.2,75.45,75.35,75.6,1544919,119075508.65,12-JAN-2015,14472,INE070D01027
678,JAIHINDPRO,EQ,16.9,16.9,15.35,15.7,15.35,15.85,1754,27455.45,12-JAN-2015,20,INE343D01010
679,JAMNAAUTO,EQ,146.3,146.3,140.5,145.25,146.0,142.65,1689,242028.2,12-JAN-2015,23,INE039C01016
680,JAYAGROGN,EQ,126.95,126.95,121.3,122.4,122.05,125.25,1927,238537.65,12-JAN-2015,85,INE785A01026
681,JAYBARMARU,EQ,160.0,166.25,160.0,164.6,165.4,160.65,36500,5972236.4,12-JAN-2015,507,INE571B01028
682,JAYNECOIND,EQ,12.5,12.7,11.0,12.05,12.05,12.35,77434,915010.4,12-JAN-2015,301,INE854B01010
683,JAYSREETEA,EQ,85.7,86.0,84.55,84.8,85.0,85.25,29372,2504020.05,12-JAN-2015,397,INE364A01020
684,JBCHEPHARM,EQ,197.4,202.7,196.0,200.3,202.0,200.1,56563,11257573.0,12-JAN-2015,1559,INE572A01028
685,JBFIND,EQ,248.0,250.8,242.0,244.3,244.8,247.35,174601,42978733.65,12-JAN-2015,3494,INE187A01017
686,JBMA,EQ,186.4,187.4,180.65,182.15,183.2,182.35,39050,7178097.7,12-JAN-2015,986,INE927D01028
687,JCTEL,EQ,0.8,0.8,0.8,0.8,0.8,0.8,11400,9120.0,12-JAN-2015,12,INE264B01020
688,JENSONICOL,EQ,5.55,5.6,5.3,5.6,5.6,5.35,25548,140862.3,12-JAN-2015,66,INE819B01021
689,JETAIRWAYS,EQ,433.9,448.0,428.0,441.95,442.6,433.8,2247972,989588844.1,12-JAN-2015,42175,INE802G01018
690,JIKIND,EQ,1.05,1.05,1.05,1.05,1.05,1.25,1000,1050.0,12-JAN-2015,1,INE026B01049
691,JINDALPHOT,EQ,201.05,207.6,182.15,182.95,182.15,202.35,466674,89269729.2,12-JAN-2015,8129,INE796G01012
692,JINDALPOLY,EQ,267.5,286.8,266.75,275.1,274.65,264.35,591339,163642504.1,12-JAN-2015,11964,INE197D01010
693,JINDALSAW,EQ,89.3,90.0,87.9,88.6,88.55,88.85,1014250,90346645.2,12-JAN-2015,6622,INE324A01024
694,JINDALSTEL,EQ,152.1,153.15,147.9,149.4,149.0,152.85,4015320,602933451.3,12-JAN-2015,30603,INE749A01030
695,JINDCOT,EQ,12.4,12.75,12.2,12.4,12.35,12.4,39048,485957.25,12-JAN-2015,197,INE904J01016
696,JINDRILL,EQ,169.0,171.0,166.5,168.15,169.0,167.35,2172,368408.7,12-JAN-2015,123,INE742C01031
697,JINDWORLD,EQ,111.0,117.6,110.5,114.95,114.95,113.0,400,45126.5,12-JAN-2015,9,INE247D01013
698,JISLDVREQS,EQ,49.95,50.85,48.75,50.05,50.05,48.8,38302,1917619.25,12-JAN-2015,505,IN9175A01010
699,JISLJALEQS,EQ,66.65,67.55,65.65,66.65,66.4,66.0,2203256,147169122.3,12-JAN-2015,8427,INE175A01038
700,JKCEMENT,EQ,609.2,610.0,601.0,608.65,609.85,603.2,31204,18847461.15,12-JAN-2015,685,INE823G01014
701,JKIL,EQ,490.15,504.0,486.45,498.6,497.0,495.0,12777,6342823.05,12-JAN-2015,722,INE576I01014
702,JKLAKSHMI,EQ,385.0,394.4,385.0,385.65,386.75,387.25,61537,23918140.4,12-JAN-2015,2078,INE786A01032
703,JKPAPER,EQ,31.35,32.2,31.35,31.75,31.65,31.6,35509,1130375.25,12-JAN-2015,221,INE789E01012
704,JKTYRE,EQ,134.8,135.15,131.35,132.55,132.35,134.75,1561114,206926248.05,12-JAN-2015,19646,INE573A01042
705,JMCPROJECT,EQ,177.0,180.5,173.1,176.9,178.9,175.6,24093,4224736.45,12-JAN-2015,397,INE890A01016
706,JMFINANCIL,EQ,46.9,47.6,46.35,47.2,47.25,46.7,399283,18776417.65,12-JAN-2015,1775,INE780C01023
707,JMTAUTOLTD,EQ,104.9,104.9,101.1,101.45,101.1,103.05,8173,832215.4,12-JAN-2015,62,INE988E01010
708,JOCIL,EQ,125.05,127.0,124.6,126.35,126.15,127.45,2842,358074.35,12-JAN-2015,26,INE839G01010
709,JPASSOCIAT,EQ,26.3,26.6,25.35,25.6,25.5,26.3,26179257,673208347.7,12-JAN-2015,38630,INE455F01025
710,JPINFRATEC,EQ,21.4,21.9,21.4,21.5,21.7,21.65,590797,12797475.75,12-JAN-2015,1746,INE099J01015
711,JPOLYINVST,EQ,110.4,118.75,110.4,113.9,113.95,115.8,1928,218420.9,12-JAN-2015,75,INE147P01019
712,JPPOWER,EQ,11.85,11.95,11.7,11.8,11.85,11.9,2894111,34222450.15,12-JAN-2015,8091,INE351F01018
713,JSL,EQ,38.0,38.0,36.5,36.75,36.65,37.75,283294,10506733.75,12-JAN-2015,1415,INE220G01021
714,JSWENERGY,EQ,99.6,103.7,98.65,103.35,103.3,99.75,2561817,260289132.45,12-JAN-2015,12575,INE121E01018
715,JSWHL,EQ,982.0,985.2,959.0,962.65,966.0,978.45,13898,13443565.5,12-JAN-2015,1502,INE824G01012
716,JSWSTEEL,EQ,1010.05,1012.0,997.65,1000.7,1000.6,1012.95,240944,241729929.75,12-JAN-2015,9384,INE019A01020
717,JSWSTEEL,P2,6.4,6.4,6.35,6.4,6.4,6.4,5533,35206.6,12-JAN-2015,17,INE019A04024
718,JUBILANT,EQ,152.0,156.15,150.0,151.3,151.05,152.5,200153,30550993.85,12-JAN-2015,3302,INE700A01033
719,JUBLFOOD,EQ,1375.0,1421.55,1375.0,1418.4,1421.5,1375.5,193208,270321453.3,12-JAN-2015,9683,INE797F01012
720,JUBLINDS,EQ,76.95,76.95,72.95,73.2,73.0,75.2,1825,134267.95,12-JAN-2015,128,INE645L01011
721,JUNIORBEES,EQ,185.0,187.48,185.0,186.8,186.25,185.0,9046,1687380.72,12-JAN-2015,218,INF732E01045
722,JUSTDIAL,EQ,1473.9,1489.4,1455.2,1471.7,1469.85,1467.35,123794,182266450.0,12-JAN-2015,6339,INE599M01018
723,JVLAGRO,EQ,20.65,20.65,20.1,20.25,20.4,20.2,55548,1128228.7,12-JAN-2015,233,INE430G01026
724,JYOTHYLAB,EQ,272.45,278.0,270.0,274.9,273.25,268.0,353935,97247710.65,12-JAN-2015,4578,INE668F01031
725,JYOTISTRUC,EQ,38.75,39.9,38.75,39.25,39.35,39.35,212877,8374630.55,12-JAN-2015,1165,INE197A01024
726,KABRAEXTRU,EQ,97.4,101.3,94.25,96.25,96.25,99.4,124887,12142059.3,12-JAN-2015,2270,INE900B01029
727,KAJARIACER,EQ,606.7,626.3,602.05,623.3,625.5,599.65,574564,355525200.0,12-JAN-2015,7379,INE217B01028
728,KAKATCEM,EQ,108.0,112.1,107.1,110.25,109.0,107.65,7230,796240.2,12-JAN-2015,101,INE437B01014
729,KALINDEE,EQ,127.5,130.2,126.1,127.7,127.4,127.2,147188,18804700.2,12-JAN-2015,1943,INE178D01010
730,KALPATPOWR,EQ,236.65,242.65,233.4,241.3,241.3,237.25,272451,65306111.3,12-JAN-2015,4025,INE220B01022
731,KALYANIFRG,BE,279.5,279.5,279.0,279.5,279.5,274.0,100,27937.5,12-JAN-2015,5,INE314G01014
732,KAMATHOTEL,EQ,72.9,73.8,72.5,72.55,72.55,74.0,727,52797.6,12-JAN-2015,8,INE967C01018
733,KANANIIND,EQ,9.0,9.0,8.05,8.15,8.15,8.65,154,1263.4,12-JAN-2015,5,INE879E01037
734,KANORICHEM,EQ,35.4,35.55,34.65,35.1,35.0,35.4,11276,395807.2,12-JAN-2015,110,INE138C01024
735,KANSAINER,EQ,2205.0,2275.0,2177.0,2188.9,2180.0,2113.85,261980,578677104.1,12-JAN-2015,10404,INE531A01016
736,KARMAENG,EQ,21.4,25.85,21.0,24.95,24.95,23.8,1030,24080.35,12-JAN-2015,24,INE725L01011
737,KARURKCP,EQ,50.45,50.45,48.0,50.1,50.45,49.0,2770,138021.4,12-JAN-2015,27,INE727F01019
738,KARURVYSYA,EQ,567.0,571.65,561.1,562.95,563.5,567.1,129423,73019514.1,12-JAN-2015,3909,INE036D01010
739,KAUSHALYA,EQ,6.5,6.55,5.9,6.5,6.55,6.55,9120,57370.15,12-JAN-2015,33,INE234I01010
740,KAVVERITEL,EQ,14.0,14.5,14.0,14.25,14.25,14.25,1150,16154.0,12-JAN-2015,5,INE641C01019
741,KBIL,EQ,4111.0,4324.0,4111.0,4318.0,4318.0,4264.55,388,1664923.25,12-JAN-2015,28,INE920K01010
742,KCP,EQ,74.25,74.25,71.4,72.45,71.65,73.55,45013,3264906.65,12-JAN-2015,573,INE805C01028
743,KCPSUGIND,EQ,23.0,23.65,22.65,23.3,23.3,23.15,100772,2360661.35,12-JAN-2015,266,INE790B01024
744,KEC,EQ,91.6,93.45,91.35,92.9,93.35,91.35,140087,12968105.45,12-JAN-2015,1753,INE389H01022
745,KECL,EQ,26.5,28.9,26.5,27.05,26.55,26.85,9930,268966.8,12-JAN-2015,73,INE134B01017
746,KEI,EQ,54.3,55.65,52.65,54.15,54.0,54.0,222703,12059653.1,12-JAN-2015,1438,INE878B01027
747,KEMROCK,EQ,30.1,31.0,29.85,30.35,30.3,31.5,11851,360453.0,12-JAN-2015,157,INE990B01012
748,KERNEX,BE,57.6,59.95,57.6,59.75,59.5,59.8,15804,944573.75,12-JAN-2015,84,INE202H01019
749,KESARENT,EQ,25.0,25.5,23.05,24.6,24.6,24.25,385,9324.0,12-JAN-2015,5,INE133B01019
750,KESORAMIND,EQ,115.0,117.9,112.9,116.05,116.5,115.4,271581,31432641.8,12-JAN-2015,2526,INE087A01019
751,KFA,BZ,1.4,1.45,1.35,1.35,1.35,1.4,40098,56247.3,12-JAN-2015,32,INE438H01019
752,KGL,EQ,1.4,1.4,1.35,1.35,1.4,1.4,54999,75050.05,12-JAN-2015,41,INE299C01024
753,KHAITANELE,EQ,51.0,52.9,48.6,48.95,48.6,50.95,1137,56152.85,12-JAN-2015,17,INE761A01019
754,KHAITANLTD,EQ,12.4,12.4,12.4,12.4,12.4,11.9,500,6200.0,12-JAN-2015,2,INE731C01018
755,KICL,EQ,1397.95,1450.0,1360.3,1427.15,1450.0,1370.95,1263,1775318.95,12-JAN-2015,160,INE029L01018
756,KIL,EQ,47.9,47.9,46.8,47.45,47.45,47.35,21070,1001485.45,12-JAN-2015,93,INE390H01012
757,KILITCH,EQ,53.9,53.9,48.0,50.15,50.15,49.75,34493,1751119.75,12-JAN-2015,633,INE729D01010
758,KIRIINDUS,EQ,61.2,63.1,60.5,62.0,62.9,61.2,45071,2777267.4,12-JAN-2015,845,INE415I01015
759,KIRLOSBROS,EQ,230.0,230.0,220.55,223.5,224.0,227.15,2876,646007.2,12-JAN-2015,229,INE732A01036
760,KIRLOSENG,EQ,265.0,270.0,257.1,260.2,260.0,261.6,17316,4533909.65,12-JAN-2015,665,INE146L01010
761,KIRLOSIND,EQ,617.95,617.95,601.0,601.1,601.0,617.2,284,171339.55,12-JAN-2015,18,INE250A01039
762,KITEX,EQ,556.25,597.0,556.25,583.35,585.0,545.6,804153,464968372.9,12-JAN-2015,20305,INE602G01020
763,KITPLYIND,BZ,1.5,1.6,1.5,1.6,1.6,1.55,651,1041.5,12-JAN-2015,3,INE147B01019
764,KKCL,EQ,1930.0,1949.75,1880.0,1933.4,1931.2,1878.15,228,436342.7,12-JAN-2015,45,INE401H01017
765,KLRF,EQ,32.05,32.05,32.05,32.05,32.05,33.0,12,384.6,12-JAN-2015,1,INE014E01015
766,KMSUGAR,EQ,4.2,4.55,3.95,4.3,4.3,4.05,212517,907841.35,12-JAN-2015,128,INE157H01023
767,KNRCON,EQ,356.9,364.8,356.0,358.25,358.0,355.75,7390,2655373.7,12-JAN-2015,351,INE634I01011
768,KOHINOOR,EQ,42.15,42.85,41.55,41.9,41.95,42.1,32336,1364832.7,12-JAN-2015,218,INE080B01012
769,KOKUYOCMLN,EQ,61.0,68.0,60.2,66.8,67.85,61.15,506128,32932534.95,12-JAN-2015,3091,INE760A01029
770,KOLTEPATIL,EQ,189.0,191.95,188.05,188.55,188.5,189.65,33246,6294253.05,12-JAN-2015,696,INE094I01018
771,KOPRAN,EQ,57.3,57.75,56.55,56.9,57.0,56.8,180486,10314884.55,12-JAN-2015,1165,INE082A01010
772,KOTAKBANK,EQ,1360.95,1387.0,1348.3,1371.0,1372.0,1360.95,843421,1156829965.15,12-JAN-2015,54143,INE237A01028
773,KOTAKBKETF,EQ,185.5,188.0,185.5,188.0,188.0,186.5,626,117193.5,12-JAN-2015,10,INF174K01F59
774,KOTAKGOLD,EQ,2462.0,2499.95,2311.2,2475.4,2470.0,2460.9,2063,5110130.2,12-JAN-2015,325,INF373I01015
775,KOTAKNIFTY,EQ,829.0,835.0,826.0,834.45,835.0,827.34,5410,4487279.75,12-JAN-2015,116,INF174K01518
776,KOTAKPSUBK,EQ,417.0,427.0,415.0,425.96,423.0,418.38,8948,3775512.4,12-JAN-2015,82,INF373I01023
777,KOTARISUG,EQ,7.85,8.5,7.15,8.2,8.2,8.15,3691,30118.7,12-JAN-2015,29,INE419A01022
778,KOTHARIPET,EQ,14.3,15.6,14.3,14.9,15.1,14.4,3407,50882.8,12-JAN-2015,22,INE720A01015
779,KOTHARIPRO,EQ,234.0,241.0,231.5,238.9,239.5,236.15,1903,453326.15,12-JAN-2015,76,INE823A01017
780,KOVAI,BE,590.0,618.0,590.0,614.0,614.0,588.65,2574,1557701.25,12-JAN-2015,65,INE177F01017
781,KPIT,EQ,201.75,219.8,200.0,213.95,213.75,201.6,3057818,654354710.65,12-JAN-2015,45708,INE836A01035
782,KPRMILL,EQ,395.3,405.0,388.0,394.1,394.6,391.45,126177,50046838.35,12-JAN-2015,3874,INE930H01015
783,KRBL,EQ,107.9,111.7,104.35,109.95,110.4,108.05,132015,14447962.65,12-JAN-2015,1868,INE001B01026
784,KRISHNAENG,EQ,0.45,0.45,0.45,0.45,0.45,0.45,174,78.3,12-JAN-2015,2,INE409C01011
785,KRITIIND,EQ,8.45,8.5,7.75,7.75,7.75,8.1,2452,19823.25,12-JAN-2015,8,INE479D01038
786,KSBPUMPS,EQ,630.0,637.05,620.0,624.8,620.0,626.15,4255,2683879.45,12-JAN-2015,421,INE999A01015
787,KSCL,EQ,802.05,816.0,791.1,797.35,797.95,802.5,60316,48616237.9,12-JAN-2015,2806,INE455I01029
788,KSE,BE,570.0,579.45,560.0,565.15,565.15,560.0,243,137016.85,12-JAN-2015,9,INE953E01014
789,KSERASERA,EQ,3.9,4.05,3.75,3.8,3.75,3.9,7576350,30058702.0,12-JAN-2015,3255,INE216D01018
790,KSK,EQ,69.25,73.5,69.0,69.35,73.0,69.9,1528619,105985210.15,12-JAN-2015,463,INE143H01015
791,KSL,EQ,161.45,168.8,161.0,165.7,166.0,160.95,139914,23189897.5,12-JAN-2015,2729,INE907A01026
792,KTIL,EQ,490.0,490.0,472.05,478.95,478.95,475.4,3481,1669575.3,12-JAN-2015,587,INE096L01017
793,KTKBANK,EQ,141.8,143.4,139.45,142.1,141.8,141.35,1127865,159987086.8,12-JAN-2015,9158,INE614B01018
794,KWALITY,EQ,39.95,40.95,39.75,40.35,40.4,40.45,299615,12042254.2,12-JAN-2015,1234,INE775B01025
795,L&TFH,EQ,67.1,67.85,66.8,67.6,67.55,67.2,1450206,97785164.0,12-JAN-2015,7342,INE498L01015
796,L&TFINANCE,N3,1665.35,1674.0,1665.3,1673.89,1674.0,1666.16,79,131809.8,12-JAN-2015,4,INE523E07442
797,L&TFINANCE,N4,1071.05,1073.95,1071.05,1071.27,1071.21,1071.05,2089,2237874.75,12-JAN-2015,47,INE523E07459
798,LAKPRE,EQ,45.55,46.0,44.55,45.05,45.05,46.2,4349,197666.25,12-JAN-2015,58,INE651C01018
799,LAKSHMIEFL,EQ,13.15,13.4,13.15,13.15,13.2,13.1,7047,92785.95,12-JAN-2015,21,INE992B01026
800,LAKSHMIMIL,EQ,2630.0,2630.0,2525.0,2599.95,2599.95,2530.15,59,152773.55,12-JAN-2015,42,INE938C01019
801,LAKSHVILAS,EQ,88.5,91.05,88.4,89.9,90.0,88.05,1068091,95904429.05,12-JAN-2015,4196,INE694C01018
802,LAOPALA,EQ,432.0,440.65,429.4,433.2,432.0,438.85,29742,12901962.6,12-JAN-2015,1182,INE059D01020
803,LAXMIMACH,EQ,3858.0,3880.0,3829.8,3856.1,3857.0,3858.0,1202,4639811.25,12-JAN-2015,396,INE269B01029
804,LCCINFOTEC,BE,0.5,0.5,0.5,0.5,0.5,0.55,1500,750.0,12-JAN-2015,3,INE938A01021
805,LGBBROSLTD,EQ,644.7,680.0,625.0,648.95,650.5,637.95,12898,8349621.15,12-JAN-2015,1177,INE337A01034
806,LGBFORGE,EQ,3.8,4.4,3.6,4.35,4.4,3.7,274523,1150206.8,12-JAN-2015,351,INE201J01017
807,LIBERTSHOE,EQ,274.3,275.0,269.95,271.0,271.0,273.55,140254,38184014.25,12-JAN-2015,4200,INE557B01019
808,LICHSGFIN,EQ,464.0,465.85,455.2,459.1,459.0,473.2,3164687,1458000936.95,12-JAN-2015,42767,INE115A01026
809,LICNMFET,EQ,13.55,13.59,13.49,13.5,13.49,13.54,540155,7304458.08,12-JAN-2015,29,INF767K01MV5
810,LINDEINDIA,EQ,450.0,457.5,431.55,443.75,445.0,447.7,6704,2998209.45,12-JAN-2015,485,INE473A01011
811,LIQUIDBEES,EQ,999.99,1000.01,999.99,999.99,1000.01,1000.0,210532,210531145.04,12-JAN-2015,1118,INF732E01037
812,LITL,EQ,6.15,6.15,5.95,6.1,6.05,6.15,2823957,17082819.2,12-JAN-2015,1377,INE785C01048
813,LLOYDELENG,EQ,146.9,150.95,144.3,148.6,149.0,144.2,608463,90185961.35,12-JAN-2015,9641,INE245C01019
814,LML,EQ,9.3,9.3,8.75,8.9,8.95,8.9,86979,776524.3,12-JAN-2015,290,INE862A01015
815,LOGIXMICRO,EQ,20.9,20.9,19.5,19.7,19.9,20.75,22707,453156.6,12-JAN-2015,183,INE848A01014
816,LOKESHMACH,EQ,38.0,38.0,36.1,37.45,37.5,36.75,2603,96223.4,12-JAN-2015,45,INE397H01017
817,LOTUSEYE,EQ,10.85,11.2,10.8,11.0,11.0,11.0,3989,43623.5,12-JAN-2015,27,INE947I01017
818,LOVABLE,EQ,389.45,404.0,386.0,398.45,398.85,388.7,170118,67637108.6,12-JAN-2015,4781,INE597L01014
819,LPDC,EQ,4.65,5.2,4.65,4.95,5.1,4.75,18206,89740.8,12-JAN-2015,54,INE197J01017
820,LT,EQ,1503.9,1537.0,1495.1,1534.2,1533.0,1500.25,1023547,1555039292.55,12-JAN-2015,37774,INE018A01030
821,LUMAXAUTO,EQ,54.05,58.0,53.55,54.3,54.35,54.05,32865,1794549.4,12-JAN-2015,362,INE547G01019
822,LUMAXIND,EQ,434.5,435.35,425.1,434.25,435.0,428.3,9659,4174873.85,12-JAN-2015,452,INE162B01018
823,LUMAXTECH,EQ,362.15,367.15,354.0,356.25,356.5,362.15,28400,10160316.45,12-JAN-2015,2256,INE872H01019
824,LUPIN,EQ,1422.65,1435.0,1415.7,1431.0,1432.95,1420.7,218007,310714316.55,12-JAN-2015,9489,INE326A01037
825,LYKALABS,EQ,32.35,32.35,30.25,31.7,31.4,30.6,50912,1599677.25,12-JAN-2015,352,INE933A01014
826,LYPSAGEMS,EQ,63.15,64.95,63.15,64.1,64.05,63.15,16233,1043252.0,12-JAN-2015,100,INE142K01011
827,M&M,EQ,1234.3,1237.8,1217.0,1233.0,1231.0,1238.2,448842,550588298.7,12-JAN-2015,32588,INE101A01026
828,M&MFIN,EQ,315.0,315.0,306.55,308.55,309.4,315.05,625983,193876807.7,12-JAN-2015,20925,INE774D01024
829,M100,EQ,13.2,13.44,13.02,13.08,13.03,13.2,13921,184476.66,12-JAN-2015,71,INF247L01023
830,M50,EQ,78.05,80.47,78.0,78.77,78.75,78.51,2689,211496.75,12-JAN-2015,78,INF247L01536
831,MAANALU,EQ,36.2,37.65,36.0,37.45,37.65,31.4,6324,234261.45,12-JAN-2015,45,INE215I01019
832,MADHAV,EQ,45.8,45.8,41.65,42.5,42.85,44.2,5484,234650.1,12-JAN-2015,74,INE925C01016
833,MADHUCON,EQ,33.15,34.2,32.7,33.1,33.05,33.4,86929,2903543.1,12-JAN-2015,595,INE378D01032
834,MADRASFERT,EQ,22.35,22.35,21.4,21.5,21.55,22.05,106228,2306048.4,12-JAN-2015,272,INE414A01015
835,MAGMA,EQ,108.25,108.25,105.25,106.7,106.3,107.45,25430,2703491.95,12-JAN-2015,330,INE511C01022
836,MAGNUM,EQ,3.4,3.45,3.3,3.35,3.35,3.4,11415,38471.7,12-JAN-2015,11,INE387I01016
837,MAHABANK,EQ,44.5,44.5,43.8,43.95,43.9,44.1,166721,7333069.75,12-JAN-2015,1067,INE457A01014
838,MAHINDCIE,EQ,218.15,251.4,215.5,242.6,241.6,219.85,1350925,324961260.45,12-JAN-2015,23982,INE536H01010
839,MAHLIFE,EQ,483.7,489.0,475.8,479.5,477.9,473.1,36286,17538033.35,12-JAN-2015,604,INE813A01018
840,MAHSCOOTER,EQ,1000.0,1033.0,980.15,1000.8,990.1,988.55,2613,2610268.0,12-JAN-2015,185,INE288A01013
841,MAHSEAMLES,EQ,234.4,234.4,211.05,212.95,212.55,232.1,258914,56638441.45,12-JAN-2015,5091,INE271B01025
842,MAITHANALL,EQ,199.95,201.4,196.5,201.05,201.4,196.5,5170,1030820.3,12-JAN-2015,85,INE683C01011
843,MAKE,EQ,1204.4,1290.0,1180.0,1274.55,1286.9,1215.35,229667,286619732.05,12-JAN-2015,13359,INE432P01015
844,MALUPAPER,EQ,11.5,11.5,11.5,11.5,11.5,12.0,34,391.0,12-JAN-2015,1,INE383H01017
845,MALWACOTT,BE,11.65,11.65,11.65,11.65,11.65,11.3,150,1747.5,12-JAN-2015,1,INE272B01015
846,MANAKSIA,EQ,53.0,53.0,51.1,51.9,51.3,53.35,30311,1588813.2,12-JAN-2015,294,INE015D01022
847,MANALIPETC,EQ,16.75,17.5,16.65,17.1,16.95,16.6,1025284,17609069.7,12-JAN-2015,2614,INE201A01024
848,MANAPPURAM,EQ,34.3,34.4,33.55,33.7,33.55,34.1,779776,26396472.95,12-JAN-2015,3779,INE522D01027
849,MANDHANA,EQ,294.85,296.6,288.0,288.55,288.5,290.0,8079,2349171.3,12-JAN-2015,181,INE087J01010
850,MANGALAM,EQ,20.35,20.95,20.0,20.65,20.2,20.45,9412,191986.85,12-JAN-2015,55,INE584F01014
851,MANGCHEFER,EQ,90.05,91.55,88.7,90.5,90.5,90.5,151785,13704646.9,12-JAN-2015,466,INE558B01017
852,MANGLMCEM,EQ,328.75,329.9,322.0,323.4,323.9,324.65,48325,15729612.8,12-JAN-2015,1242,INE347A01017
853,MANGTIMBER,EQ,10.55,11.6,10.55,10.95,10.65,10.9,601,6501.6,12-JAN-2015,7,INE805B01012
854,MANINDS,EQ,59.6,60.65,59.1,59.3,59.3,59.6,136568,8168759.4,12-JAN-2015,676,INE993A01026
855,MANINFRA,EQ,34.2,35.0,33.8,34.55,34.9,34.2,288758,9983338.5,12-JAN-2015,1385,INE949H01023
856,MANJEERA,EQ,52.25,58.5,51.15,57.4,57.5,54.0,1044,58571.1,12-JAN-2015,35,INE320D01018
857,MANJUSHREE,EQ,425.2,442.25,425.2,429.9,428.0,428.75,36083,15513649.45,12-JAN-2015,248,INE435H01015
858,MANUGRAPH,EQ,39.15,45.0,39.15,43.55,43.5,39.8,116990,5094435.1,12-JAN-2015,974,INE867A01022
859,MARALOVER,EQ,20.2,20.2,18.6,19.25,19.25,19.15,3657,69434.4,12-JAN-2015,38,INE882A01013
860,MARG,EQ,15.4,16.0,15.15,15.4,15.45,15.75,54707,848492.6,12-JAN-2015,270,INE941E01019
861,MARICO,EQ,319.7,322.0,315.1,318.75,318.0,318.95,3504424,1114208549.45,12-JAN-2015,42088,INE196A01026
862,MARKSANS,EQ,67.8,68.5,66.1,66.8,66.85,67.9,1178733,79277470.55,12-JAN-2015,5939,INE750C01026
863,MARUTI,EQ,3470.0,3483.65,3445.15,3462.9,3459.0,3468.2,152803,529179759.85,12-JAN-2015,6208,INE585B01010
864,MASTEK,EQ,418.0,432.75,416.0,422.3,422.9,415.4,810094,344524311.85,12-JAN-2015,17773,INE759A01021
865,MAWANASUG,EQ,11.15,11.9,11.0,11.15,11.05,10.65,4719,52851.5,12-JAN-2015,63,INE636A01039
866,MAX,EQ,390.15,406.0,384.15,396.75,395.95,392.0,551774,218967415.35,12-JAN-2015,12861,INE180A01020
867,MAXWELL,EQ,38.8,42.65,38.8,42.25,41.8,38.8,1943003,81391503.7,12-JAN-2015,8621,INE450G01024
868,MAYURUNIQ,EQ,446.5,461.0,442.0,458.6,458.0,443.05,92264,41955116.65,12-JAN-2015,2892,INE040D01038
869,MBECL,EQ,82.0,82.65,79.65,82.35,82.4,79.65,26701,2191988.3,12-JAN-2015,192,INE748A01016
870,MBLINFRA,EQ,429.7,454.0,427.5,450.45,449.95,434.05,30985,13768031.85,12-JAN-2015,847,INE912H01013
871,MCDHOLDING,EQ,31.5,38.3,30.55,38.3,38.3,31.95,331815,12360309.15,12-JAN-2015,2334,INE836H01014
872,MCDOWELL-N,EQ,2950.0,3143.65,2914.0,3044.75,3037.0,2857.1,1548562,4691021947.75,12-JAN-2015,76965,INE854D01016
873,MCLEODRUSS,EQ,222.15,223.8,218.25,220.4,220.7,222.75,277278,61152475.75,12-JAN-2015,11136,INE942G01012
874,MCX,EQ,846.0,864.8,841.2,860.2,858.0,842.55,513899,440101358.5,12-JAN-2015,13455,INE745G01035
875,MEGASOFT,EQ,5.6,5.75,5.25,5.7,5.75,5.5,8006,45232.5,12-JAN-2015,38,INE933B01012
876,MEGH,EQ,24.15,25.0,24.15,24.65,24.65,24.45,548963,13584369.6,12-JAN-2015,2022,INE974H01013
877,MELSTAR,EQ,5.15,5.65,5.15,5.55,5.55,5.4,7453,42066.55,12-JAN-2015,19,INE817A01019
878,MERCATOR,EQ,23.9,23.95,23.5,23.6,23.55,23.65,311895,7388293.35,12-JAN-2015,1317,INE934B01028
879,MERCK,EQ,848.0,868.0,841.15,851.6,850.5,843.55,32015,27411802.3,12-JAN-2015,1829,INE199A01012
880,METKORE,EQ,7.65,8.95,7.65,8.25,8.55,8.8,2883,23328.95,12-JAN-2015,33,INE592I01029
881,MGOLD,EQ,2547.5,2598.35,2546.0,2563.65,2555.05,2542.65,585,1498460.85,12-JAN-2015,67,INF247L01072
882,MHRIL,EQ,268.0,271.65,263.0,265.0,264.0,268.3,50735,13524992.4,12-JAN-2015,1403,INE998I01010
883,MIC,EQ,10.9,10.95,10.15,10.15,10.15,10.65,1492432,15309142.4,12-JAN-2015,1600,INE287C01029
884,MICROSEC,EQ,86.65,86.7,80.5,82.4,81.3,83.5,10639,876828.55,12-JAN-2015,105,INE019J01013
885,MINDACORP,EQ,102.4,102.4,96.05,96.7,96.7,100.9,5715,555451.75,12-JAN-2015,87,INE842C01021
886,MINDAIND,EQ,580.0,638.0,575.0,612.75,617.7,570.55,51922,31899926.05,12-JAN-2015,2621,INE405E01015
887,MINDTREE,EQ,1265.0,1292.75,1238.15,1288.15,1289.85,1261.05,126696,160449576.7,12-JAN-2015,8724,INE018I01017
888,MIRCELECTR,EQ,11.2,11.2,10.6,10.7,10.65,10.9,102984,1104161.45,12-JAN-2015,308,INE831A01028
889,MIRZAINT,EQ,47.05,51.0,47.05,49.7,50.15,47.85,1133344,56359955.6,12-JAN-2015,6174,INE771A01026
890,MMFL,EQ,553.75,571.95,551.5,565.0,563.85,556.1,30200,17074781.15,12-JAN-2015,1132,INE227C01017
891,MMTC,EQ,57.6,57.9,56.7,57.25,57.0,57.5,255562,14648564.4,12-JAN-2015,2649,INE123F01029
892,MMWL,EQ,7.4,7.4,6.05,6.25,6.35,6.2,56986,360974.0,12-JAN-2015,32,INE200D01020
893,MOHITIND,EQ,50.1,51.0,49.0,50.65,50.85,50.35,23999,1190196.5,12-JAN-2015,109,INE954E01012
894,MOIL,EQ,307.1,314.0,306.05,308.2,307.05,310.05,30202,9351595.75,12-JAN-2015,1363,INE490G01020
895,MOMAI,SM,81.0,81.05,80.35,81.0,81.0,81.1,12800,1033760.0,12-JAN-2015,8,INE133R01015
896,MONNETISPA,EQ,66.6,67.3,65.3,66.25,66.45,65.75,71281,4729649.8,12-JAN-2015,878,INE743C01013
897,MONSANTO,EQ,2830.0,2883.1,2813.0,2823.9,2827.5,2837.8,16361,46583272.35,12-JAN-2015,2054,INE274B01011
898,MONTECARLO,EQ,508.9,513.6,505.4,507.2,507.2,508.5,115327,58574167.8,12-JAN-2015,4233,INE950M01013
899,MORARJEE,EQ,43.0,43.4,42.2,42.55,42.55,42.7,2898,124353.6,12-JAN-2015,37,INE161G01027
900,MOREPENLAB,EQ,10.4,11.0,10.3,10.6,10.65,10.6,317886,3373707.75,12-JAN-2015,891,INE083A01026
901,MOSERBAER,EQ,9.65,10.25,9.65,10.0,10.0,9.85,1018018,10218714.7,12-JAN-2015,1773,INE739A01015
902,MOTHERSUMI,EQ,440.15,441.2,432.25,435.5,436.1,437.75,585921,255251229.6,12-JAN-2015,12674,INE775A01035
903,MOTILALOFS,EQ,272.7,278.1,262.05,277.15,277.0,269.6,26891,7358526.2,12-JAN-2015,389,INE338I01027
904,MOTOGENFIN,BE,40.55,41.85,39.55,39.95,39.95,40.5,2504,101084.8,12-JAN-2015,10,INE861B01015
905,MPHASIS,EQ,382.75,390.7,375.0,377.65,377.0,382.45,41573,15918478.45,12-JAN-2015,1747,INE356A01018
906,MPSLTD,EQ,928.0,995.0,920.0,940.65,938.0,928.15,41205,39589569.05,12-JAN-2015,3455,INE943D01017
907,MRF,EQ,37799.0,38300.0,37611.0,38094.45,38050.0,37707.25,11590,440128962.35,12-JAN-2015,4487,INE883A01011
908,MRO-TEK,EQ,18.35,19.0,18.05,18.25,18.2,18.5,20494,377721.6,12-JAN-2015,397,INE398B01018
909,MRPL,EQ,50.0,50.8,48.95,49.35,49.25,50.3,243824,12139229.25,12-JAN-2015,1955,INE103A01014
910,MSPL,EQ,16.2,16.2,15.15,15.6,15.4,15.5,2485,38680.05,12-JAN-2015,12,INE752G01015
911,MTEDUCARE,EQ,121.9,121.9,116.35,119.5,119.5,119.85,75393,8945579.75,12-JAN-2015,1387,INE472M01018
912,MTNL,EQ,27.4,27.85,27.25,27.4,27.3,27.3,945209,25976658.7,12-JAN-2015,3679,INE153A01019
913,MUDRA,EQ,11.05,12.0,11.0,11.25,11.15,11.6,3021,34111.0,12-JAN-2015,25,INE311H01018
914,MUKANDENGG,EQ,35.65,37.0,34.0,35.7,35.6,34.7,39002,1395663.35,12-JAN-2015,579,INE022B01014
915,MUKANDLTD,EQ,51.95,58.6,51.95,56.4,56.35,51.35,533713,29844523.55,12-JAN-2015,3780,INE304A01026
916,MUKTAARTS,EQ,27.5,28.75,27.1,28.65,28.65,28.3,3105,88191.5,12-JAN-2015,40,INE374B01019
917,MUNJALAU,EQ,107.55,110.5,107.55,108.4,108.95,107.75,17339,1894753.05,12-JAN-2015,337,INE672B01032
918,MUNJALSHOW,EQ,203.1,214.0,202.85,210.85,210.35,206.15,46489,9799529.55,12-JAN-2015,1441,INE577A01027
919,MURUDCERA,EQ,20.5,22.15,20.5,21.3,21.5,20.85,4925,103973.4,12-JAN-2015,60,INE692B01014
920,MUTHOOTFIN,EQ,196.5,197.5,195.35,196.15,196.0,196.3,138238,27116888.85,12-JAN-2015,2953,INE414G01012
921,MUTHOOTFIN,N6,1044.65,1048.6,1044.65,1048.06,1047.53,1046.14,1009,1057478.41,12-JAN-2015,16,INE414G07100
922,MUTHOOTFIN,N9,1025.99,1029.5,1025.99,1029.5,1029.5,1026.0,570,585260.5,12-JAN-2015,27,INE414G07225
923,MUTHOOTFIN,,1080.0,1080.0,1080.0,1080.0,1080.0,1088.0,50,54000.0,12-JAN-2015,2,INE414G07233
924,MUTHOOTFIN,NB,1150.03,1312.0,1150.03,1312.0,1312.0,1350.0,124,161068.3,12-JAN-2015,7,INE414G07241
925,MVL,EQ,0.45,0.55,0.45,0.55,0.55,0.5,551674,302509.05,12-JAN-2015,53,INE744I01034
926,MYSOREBANK,EQ,549.55,567.0,541.05,553.75,551.85,546.0,11398,6319906.0,12-JAN-2015,718,INE651A01020
927,N100,EQ,267.55,274.9,267.0,269.35,269.0,268.78,1871,504628.08,12-JAN-2015,105,INF247L01031
928,NAGAROIL,EQ,3.85,4.0,3.85,3.95,3.95,3.9,61695,243044.95,12-JAN-2015,128,INE453M01018
929,NAGREEKCAP,EQ,17.85,17.9,17.85,17.9,17.9,18.75,120,2145.5,12-JAN-2015,4,INE245I01016
930,NAGREEKEXP,EQ,27.0,27.0,25.0,26.95,26.95,27.45,275,7123.5,12-JAN-2015,12,INE123B01028
931,NAHARCAP,EQ,87.2,87.2,85.0,85.0,85.0,85.85,1986,171029.25,12-JAN-2015,30,INE049I01012
932,NAHARINDUS,EQ,61.9,64.0,56.6,57.0,56.7,57.75,1771,104118.1,12-JAN-2015,34,INE289A01011
933,NAHARPOLY,EQ,27.2,28.0,26.9,27.2,27.2,28.0,4056,111106.4,12-JAN-2015,31,INE308A01027
934,NAHARSPING,EQ,97.45,97.45,95.25,96.25,96.5,95.05,13364,1286098.55,12-JAN-2015,275,INE290A01027
935,NAKODA,EQ,2.1,2.1,1.95,2.0,1.95,2.1,258582,519091.4,12-JAN-2015,183,INE559B01023
936,NATCOPHARM,EQ,1411.65,1434.9,1411.65,1423.8,1425.9,1411.65,9189,13099547.1,12-JAN-2015,1029,INE987B01018
937,NATHBIOGEN,BE,129.9,130.0,123.5,129.05,129.35,125.5,4000,508428.25,12-JAN-2015,59,INE448G01010
938,NATIONALUM,EQ,50.95,50.95,49.5,49.65,49.7,50.55,748346,37403320.65,12-JAN-2015,7860,INE139A01034
939,NATNLSTEEL,BE,18.15,19.4,18.15,18.6,19.0,19.0,6854,127006.25,12-JAN-2015,32,INE088B01015
940,NAUKRI,EQ,882.0,882.15,850.0,853.05,850.0,866.65,99424,85157511.95,12-JAN-2015,1648,INE663F01024
941,NAVINFLUOR,EQ,666.0,672.0,655.0,660.05,660.0,664.25,3945,2610435.6,12-JAN-2015,239,INE048G01018
942,NAVNETEDUL,EQ,111.5,112.0,109.95,111.25,111.5,110.75,47937,5317309.15,12-JAN-2015,643,INE060A01024
943,NBCC,EQ,831.4,831.4,815.25,823.05,825.0,829.1,269900,221902567.1,12-JAN-2015,8874,INE095N01015
944,NBVENTURES,EQ,195.0,199.6,193.35,198.1,198.0,196.25,3534,698256.05,12-JAN-2015,134,INE725A01022
945,NCC,EQ,79.45,79.45,77.5,78.55,78.6,79.2,1724553,135082619.5,12-JAN-2015,11069,INE868B01028
946,NCLIND,EQ,42.7,43.0,40.8,42.3,43.0,43.0,5472,228781.8,12-JAN-2015,90,INE732C01016
947,NCOPPER,EQ,1.85,1.85,1.75,1.85,1.85,1.85,7185,13096.3,12-JAN-2015,20,INE846H01039
948,NDL,EQ,72.0,73.0,70.15,70.8,70.35,70.8,143273,10250503.7,12-JAN-2015,1514,INE875G01030
949,NDTV,EQ,111.55,115.4,111.3,113.15,112.65,112.15,113291,12892565.9,12-JAN-2015,1456,INE155G01029
950,NECLIFE,EQ,33.8,34.0,32.85,33.25,33.5,33.3,131930,4410234.0,12-JAN-2015,2161,INE023H01027
951,NEHAINT,EQ,8.05,8.5,7.9,8.25,8.25,8.55,21523,172353.5,12-JAN-2015,52,INE874D01022
952,NELCAST,EQ,37.8,41.5,37.6,40.3,39.85,37.4,225720,9102788.05,12-JAN-2015,1507,INE189I01024
953,NELCO,EQ,84.55,94.2,84.55,93.1,93.75,86.25,483811,44038339.85,12-JAN-2015,6218,INE045B01015
954,NEOCORP,BE,42.05,42.45,41.0,41.4,41.4,42.65,19876,830129.1,12-JAN-2015,91,INE851C01014
955,NEPCMICON,BE,2.8,2.8,2.8,2.8,2.8,2.7,11784,32995.2,12-JAN-2015,46,INE588A01016
956,NESCO,EQ,1723.05,1754.95,1713.0,1728.95,1734.0,1723.05,5544,9605279.2,12-JAN-2015,569,INE317F01027
957,NESTLEIND,EQ,6420.0,6520.0,6385.5,6462.75,6480.0,6386.35,47557,306598750.7,12-JAN-2015,7331,INE239A01016
958,NET4,EQ,4.95,4.95,4.95,4.95,4.95,4.5,8100,40095.0,12-JAN-2015,6,INE553E01012
959,NETWORK18,EQ,64.75,65.75,64.15,65.05,65.0,65.15,460795,29940906.05,12-JAN-2015,2670,INE870H01013
960,NEULANDLAB,EQ,515.0,522.95,505.5,509.05,505.5,515.55,27983,14299233.0,12-JAN-2015,543,INE794A01010
961,NEXTMEDIA,EQ,16.75,17.2,16.7,16.75,16.8,16.85,26613,447440.8,12-JAN-2015,156,INE747B01016
962,NEYVELILIG,EQ,78.0,79.75,78.0,79.1,79.1,78.8,36779,2906896.3,12-JAN-2015,474,INE589A01014
963,NFL,EQ,37.25,37.3,36.75,36.9,36.85,36.9,92233,3416422.1,12-JAN-2015,373,INE870D01012
964,NGCT,EQ,1.2,1.2,1.1,1.1,1.1,1.35,21210,23952.0,12-JAN-2015,19,INE970N01019
965,NHAI,N1,1085.1,1092.9,1085.1,1088.1,1088.1,1089.54,380,413022.0,12-JAN-2015,3,INE906B07CA1
966,NHAI,N2,1124.75,1130.0,1124.75,1126.2,1126.0,1120.66,3555,3999600.13,12-JAN-2015,17,INE906B07CB9
967,NHAI,N5,1250.0,1250.0,1190.0,1190.0,1190.0,1161.04,500,607000.0,12-JAN-2015,3,INE906B07DE1
968,NHAI,N6,1233.95,1237.74,1230.1,1231.36,1231.1,1232.5,1855,2285367.81,12-JAN-2015,19,INE906B07DF8
969,NHBTF2014,N6,6005.0,6019.0,6000.0,6010.0,6010.0,6009.22,380,2282411.01,12-JAN-2015,31,INE557F07132
970,NHBTF2023,N6,6250.0,6250.0,6190.0,6190.0,6190.0,6191.43,112,696280.0,12-JAN-2015,9,INE557F07181
971,NHPC,EQ,18.5,18.7,18.4,18.6,18.6,18.55,2673144,49587390.25,12-JAN-2015,7301,INE848E01016
972,NHPC,N4,1026.01,1115.01,1026.01,1115.01,1115.01,1140.0,10,10705.1,12-JAN-2015,2,INE848E07542
973,NHPC,N6,1273.0,1273.0,1273.0,1273.0,1273.0,1274.0,5,6365.0,12-JAN-2015,1,INE848E07567
974,NIBL,BE,40.0,41.0,39.6,39.8,40.85,40.25,23148,937712.95,12-JAN-2015,78,INE047O01014
975,NICCO,EQ,0.8,0.8,0.8,0.8,0.8,0.8,2500,2000.0,12-JAN-2015,1,INE241C01026
976,NIFTYBEES,EQ,837.5,842.0,830.6,841.18,840.5,836.1,37451,31339239.81,12-JAN-2015,1274,INF732E01011
977,NIITLTD,EQ,48.7,52.9,48.25,51.6,51.65,48.4,3144558,161727551.55,12-JAN-2015,14156,INE161A01038
978,NIITTECH,EQ,360.0,369.5,358.7,365.4,365.45,359.85,67151,24529670.6,12-JAN-2015,3732,INE591G01017
979,NILKAMAL,EQ,462.0,466.0,457.0,461.5,459.0,460.35,25249,11668018.6,12-JAN-2015,1159,INE310A01015
980,NIPPOBATRY,EQ,764.0,799.05,763.0,771.9,770.0,762.0,975,759607.05,12-JAN-2015,87,INE567A01010
981,NITCO,EQ,23.0,23.9,22.0,22.95,22.75,22.95,87601,2008168.45,12-JAN-2015,285,INE858F01012
982,NITESHEST,EQ,12.0,12.0,10.7,11.3,11.2,10.75,92295,1037919.4,12-JAN-2015,305,INE639K01016
983,NITINFIRE,EQ,31.9,32.9,31.4,32.4,32.5,31.5,110994,3595132.3,12-JAN-2015,704,INE489H01020
984,NITINSPIN,EQ,29.6,30.8,29.3,30.5,30.6,29.85,122810,3710264.8,12-JAN-2015,800,INE229H01012
985,NMDC,EQ,136.9,136.95,133.5,133.7,133.7,135.35,1828268,245760258.65,12-JAN-2015,20570,INE584A01023
986,NOCIL,EQ,39.5,39.7,38.0,38.15,38.05,39.85,2303231,89328159.4,12-JAN-2015,8451,INE163A01018
987,NOESISIND,EQ,0.45,0.45,0.45,0.45,0.45,0.45,460,207.0,12-JAN-2015,2,INE141B01020
988,NOIDATOLL,EQ,34.0,34.15,33.6,33.65,33.65,33.85,77176,2610634.8,12-JAN-2015,325,INE781B01015
989,NOL,EQ,48.0,48.0,48.0,48.0,48.0,48.1,300,14400.0,12-JAN-2015,2,INE296D01010
990,NRBBEARING,EQ,139.0,146.5,136.0,138.4,138.65,134.1,236855,33522105.15,12-JAN-2015,3092,INE349A01021
991,NSIL,EQ,763.1,763.1,763.1,763.1,763.1,763.0,25,19077.5,12-JAN-2015,1,INE023A01030
992,NTPC,EQ,141.0,141.4,138.5,140.0,140.25,140.25,2658780,372476936.1,12-JAN-2015,25331,INE733E01010
993,NTPC,N1,1110.0,1110.0,1095.21,1095.21,1095.21,1095.0,991,1092748.11,12-JAN-2015,3,INE733E07JE0
994,NTPC,N4,1100.0,1110.0,1100.0,1110.0,1110.0,1125.0,22,24320.0,12-JAN-2015,2,INE733E07JH3
995,NTPC,N6,1191.0,1191.0,1179.99,1185.07,1185.8,1190.0,1121,1323409.9,12-JAN-2015,10,INE733E07JJ9
996,NUCLEUS,EQ,196.0,204.0,196.0,202.7,201.55,197.0,80121,16167239.7,12-JAN-2015,2735,INE096B01018
997,NUTEK,EQ,0.75,0.75,0.65,0.65,0.65,0.75,125518,84612.1,12-JAN-2015,36,INE318J01027
998,OBEROIRLTY,EQ,270.15,273.85,265.85,270.65,269.75,269.2,137086,37176932.15,12-JAN-2015,3620,INE093I01010
999,OCL,EQ,482.15,507.2,482.15,497.2,496.0,490.85,28587,14199105.45,12-JAN-2015,985,INE290B01025
1000,OFSS,EQ,3299.95,3327.8,3255.0,3273.25,3280.0,3289.2,21498,70405162.05,12-JAN-2015,2507,INE881D01027
1001,OIL,EQ,568.0,568.0,550.0,550.85,550.0,565.2,352516,195117673.2,12-JAN-2015,11368,INE274J01014
1002,OILCOUNTUB,EQ,35.75,35.75,34.75,35.2,34.9,35.2,13592,477127.8,12-JAN-2015,150,INE591A01010
1003,OISL,EQ,20.2,20.2,18.35,19.7,19.7,18.9,528,10158.85,12-JAN-2015,103,INE196J01019
1004,OMAXAUTO,EQ,55.0,56.7,53.75,56.4,56.2,55.45,9440,527472.05,12-JAN-2015,66,INE090B01011
1005,OMAXE,EQ,127.2,127.4,125.85,126.3,125.85,126.8,398795,50513106.7,12-JAN-2015,4773,INE800H01010
1006,OMKARCHEM,EQ,171.0,171.0,166.65,167.7,168.0,169.5,87503,14709417.25,12-JAN-2015,1282,INE474L01016
1007,OMMETALS,EQ,31.0,31.7,30.65,31.15,31.3,30.85,43543,1354127.6,12-JAN-2015,267,INE239D01028
1008,OMNITECH,EQ,9.5,9.5,8.7,9.0,9.0,9.05,8541,77306.65,12-JAN-2015,26,INE810H01019
1009,ONELIFECAP,EQ,136.9,145.4,135.0,142.7,145.4,135.5,59554,8341871.8,12-JAN-2015,988,INE912L01015
1010,ONGC,EQ,352.05,352.4,344.45,347.7,347.1,351.0,2105033,732019535.3,12-JAN-2015,26887,INE213A01029
1011,ONMOBILE,EQ,90.8,93.0,83.9,85.9,85.85,88.4,3167217,279689440.2,12-JAN-2015,19573,INE809I01019
1012,ONWARDTEC,EQ,53.5,57.0,53.5,56.2,56.8,54.0,10948,611929.4,12-JAN-2015,63,INE229A01017
1013,OPTOCIRCUI,EQ,25.45,25.9,24.8,25.35,25.35,25.3,2515695,63825794.65,12-JAN-2015,6711,INE808B01016
1014,ORBITCORP,EQ,13.25,13.4,13.0,13.2,13.25,13.25,324844,4297018.55,12-JAN-2015,741,INE628H01015
1015,ORBTEXP,EQ,363.5,377.95,363.5,375.1,375.0,371.0,11845,4447548.65,12-JAN-2015,247,INE231G01010
1016,ORCHIDCHEM,EQ,64.4,65.45,63.8,64.4,64.5,64.3,207785,13409933.45,12-JAN-2015,2665,INE191A01019
1017,ORIENTABRA,EQ,23.3,23.6,22.7,23.1,23.2,22.75,22981,524789.6,12-JAN-2015,171,INE569C01020
1018,ORIENTBANK,EQ,320.55,330.6,317.45,328.5,328.55,320.9,1306200,427101297.3,12-JAN-2015,16580,INE141A01014
1019,ORIENTBELL,EQ,101.2,103.95,99.0,99.55,99.1,102.45,6862,689599.7,12-JAN-2015,207,INE607D01018
1020,ORIENTCEM,EQ,169.7,179.7,167.4,175.85,176.5,169.35,178970,31238211.1,12-JAN-2015,2799,INE876N01018
1021,ORIENTHOT,EQ,24.4,24.4,23.15,23.65,23.5,23.75,17771,421595.2,12-JAN-2015,51,INE750A01020
1022,ORIENTLTD,EQ,80.5,88.95,80.5,82.05,82.05,89.0,110,8954.15,12-JAN-2015,21,INE609C01024
1023,ORIENTPPR,EQ,25.25,25.25,24.3,24.45,24.3,24.8,62237,1531451.5,12-JAN-2015,312,INE592A01026
1024,ORIENTREF,EQ,95.0,96.0,93.1,95.25,95.0,94.25,8861,842683.35,12-JAN-2015,137,INE743M01012
1025,ORISSAMINE,EQ,3250.0,3270.0,3184.1,3192.15,3186.0,3239.3,2576,8284691.05,12-JAN-2015,715,INE725E01024
1026,OSWALMIN,EQ,26.75,26.8,26.75,26.8,26.8,25.55,10,267.75,12-JAN-2015,2,INE469B01017
1027,OUDHSUG,EQ,19.9,21.0,19.05,20.4,20.4,19.45,8201,164999.0,12-JAN-2015,24,INE594A01014
1028,PAEL,EQ,21.75,21.75,21.75,21.75,21.75,20.75,17595,382691.25,12-JAN-2015,25,INE766A01018
1029,PAGEIND,EQ,11139.65,11198.0,10870.0,10974.4,10980.0,11031.25,11566,127258002.75,12-JAN-2015,4035,INE761H01022
1030,PALRED,EQ,16.7,17.15,16.65,16.75,16.65,16.95,7149,120133.85,12-JAN-2015,38,INE218G01017
1031,PANACEABIO,EQ,143.1,143.85,141.2,142.1,141.2,142.65,19649,2802553.15,12-JAN-2015,491,INE922B01023
1032,PANAMAPET,EQ,58.9,59.5,53.1,56.55,56.55,56.8,6179,357382.1,12-JAN-2015,38,INE305C01029
1033,PANASONIC,EQ,269.75,269.75,260.0,265.0,265.0,260.85,599,156330.65,12-JAN-2015,23,INE841C01015
1034,PANCHSHEEL,EQ,33.0,34.0,28.45,28.75,28.7,30.25,946,29104.85,12-JAN-2015,19,INE316G01019
1035,PANORAMUNI,EQ,12.1,12.5,11.75,11.85,12.0,12.0,12638,150535.15,12-JAN-2015,81,INE194B01029
1036,PAPERPROD,EQ,183.9,188.8,181.2,187.2,186.0,185.45,25812,4804079.85,12-JAN-2015,565,INE275B01026
1037,PARABDRUGS,EQ,9.05,10.15,9.05,9.85,10.05,9.2,48270,471857.75,12-JAN-2015,123,INE618H01016
1038,PARACABLES,EQ,2.2,2.35,2.2,2.35,2.35,2.25,4767,11059.95,12-JAN-2015,6,INE074B01023
1039,PARAPRINT,BE,0.5,0.5,0.5,0.5,0.5,0.55,2750,1375.0,12-JAN-2015,5,INE702L01010
1040,PARASPETRO,BE,0.25,0.35,0.25,0.3,0.3,0.3,19015,5313.2,12-JAN-2015,9,INE162C01024
1041,PARRYSUGAR,EQ,23.55,23.55,20.6,21.75,21.75,23.55,361,8159.9,12-JAN-2015,10,INE353B01021
1042,PARSVNATH,EQ,17.5,18.7,17.5,18.45,18.4,17.85,573967,10375781.3,12-JAN-2015,2025,INE561H01026
1043,PATELENG,EQ,95.9,96.35,94.15,95.85,95.95,95.75,138128,13175397.05,12-JAN-2015,2422,INE244B01030
1044,PATINTLOG,EQ,138.4,145.0,137.05,141.05,140.9,137.8,316481,44725084.9,12-JAN-2015,4667,INE529D01014
1045,PATSPINLTD,EQ,8.5,8.6,8.1,8.55,8.6,8.1,1960,16619.05,12-JAN-2015,11,INE790C01014
1046,PBAINFRA,EQ,17.0,17.75,17.0,17.2,17.2,17.8,1009,17358.1,12-JAN-2015,13,INE160H01019
1047,PCJEWELLER,EQ,210.45,214.75,210.0,211.35,211.5,208.45,79946,16932989.45,12-JAN-2015,2932,INE785M01013
1048,PDPL,EQ,22.0,24.8,22.0,24.0,24.0,23.25,5198,121801.9,12-JAN-2015,38,INE904D01019
1049,PDSMFL,EQ,204.0,211.05,204.0,207.5,211.0,204.95,5333,1102864.25,12-JAN-2015,72,INE111Q01013
1050,PDUMJEPULP,EQ,14.1,14.1,14.1,14.1,14.1,14.15,250,3525.0,12-JAN-2015,2,INE606A01024
1051,PEARLPOLY,EQ,14.9,15.95,14.9,14.9,14.9,15.0,415,6194.0,12-JAN-2015,9,INE844A01013
1052,PEL,EQ,840.55,840.55,829.5,831.75,832.0,842.05,10811,9006465.6,12-JAN-2015,1160,INE140A01024
1053,PENIND,EQ,61.05,63.65,60.65,62.1,62.05,60.65,1063093,66228080.1,12-JAN-2015,4939,INE932A01024
1054,PENINLAND,EQ,33.1,33.9,32.8,33.75,33.85,33.1,86760,2923473.6,12-JAN-2015,331,INE138A01028
1055,PERSISTENT,EQ,1835.0,1875.0,1795.0,1800.05,1803.0,1822.5,114409,210255868.8,12-JAN-2015,9119,INE262H01013
1056,PETRONENGG,EQ,156.0,165.0,151.95,158.25,158.8,161.95,2160,339608.35,12-JAN-2015,101,INE742A01019
1057,PETRONET,EQ,212.25,214.9,205.4,206.85,206.75,213.9,3030815,631142432.8,12-JAN-2015,38139,INE347G01014
1058,PFC,EQ,281.0,284.5,274.3,283.45,283.5,280.7,1390828,391095054.15,12-JAN-2015,15441,INE134E01011
1059,PFIZER,EQ,2273.0,2273.0,2190.0,2203.85,2195.0,2259.05,21664,48019758.9,12-JAN-2015,3055,INE182A01018
1060,PFOCUS,EQ,43.15,51.95,42.7,51.95,51.95,43.3,563729,28410379.35,12-JAN-2015,2451,INE367G01038
1061,PFRL,EQ,118.95,120.05,118.35,119.0,118.5,118.95,5451,651885.25,12-JAN-2015,56,INE647O01011
1062,PFS,EQ,69.3,70.75,68.5,69.75,69.7,69.3,1276986,88986922.1,12-JAN-2015,5867,INE560K01014
1063,PGEL,EQ,55.5,67.85,55.5,67.85,67.85,56.55,80748,5224550.35,12-JAN-2015,696,INE457L01011
1064,PGHH,EQ,6148.0,6148.0,6050.0,6120.0,6111.0,6148.2,7718,47238101.35,12-JAN-2015,524,INE179A01014
1065,PGIL,EQ,210.0,246.35,210.0,226.25,232.0,222.0,4443,994074.6,12-JAN-2015,120,INE940H01014
1066,PHILIPCARB,EQ,148.8,153.5,148.2,150.9,151.0,148.2,171592,25989815.55,12-JAN-2015,2750,INE602A01015
1067,PHOENIXLL,EQ,111.9,119.0,109.5,114.7,113.9,109.15,35729,4141033.4,12-JAN-2015,785,INE455B01016
1068,PHOENIXLTD,EQ,354.0,364.95,354.0,358.25,357.0,361.75,38364,13701109.9,12-JAN-2015,2060,INE211B01039
1069,PIDILITIND,EQ,522.9,534.0,521.05,525.7,524.0,522.25,308545,163063900.0,12-JAN-2015,8978,INE318A01026
1070,PIIND,EQ,528.55,539.8,525.9,532.35,529.0,531.85,104932,56218265.15,12-JAN-2015,2111,INE603J01030
1071,PILANIINV,BE,1489.95,1489.95,1415.5,1425.0,1425.0,1422.2,277,396584.85,12-JAN-2015,10,INE417C01014
1072,PILIND,EQ,23.15,24.3,21.1,21.35,21.2,23.1,36563,805723.85,12-JAN-2015,291,INE600A01027
1073,PIONDIST,EQ,40.0,41.4,38.0,41.4,41.4,34.5,117273,4837577.65,12-JAN-2015,258,INE889E01010
1074,PIONEEREMB,EQ,18.4,19.65,18.0,19.6,19.65,18.75,5565,108224.3,12-JAN-2015,57,INE156C01018
1075,PIPAVAVDOC,EQ,57.6,60.8,56.2,56.65,56.5,56.75,10467243,611913982.65,12-JAN-2015,39869,INE542F01012
1076,PIRPHYTO,EQ,36.7,37.4,35.0,36.95,36.7,36.45,14007,516057.3,12-JAN-2015,100,INE122J01015
1077,PITTILAM,EQ,74.0,87.35,74.0,84.5,85.0,85.3,34494,2889597.15,12-JAN-2015,322,INE450D01013
1078,PLASTIBLEN,EQ,255.2,261.8,251.0,256.8,251.2,255.1,8728,2255620.05,12-JAN-2015,432,INE083C01022
1079,PLETHICO,EQ,39.5,41.8,39.4,40.05,39.65,40.05,42048,1693220.35,12-JAN-2015,427,INE491H01018
1080,PNB,EQ,206.5,211.95,204.8,208.95,208.6,206.6,3567207,748928248.1,12-JAN-2015,30778,INE160A01022
1081,PNBGILTS,EQ,29.9,30.55,29.65,30.15,30.2,28.45,1006236,30340215.35,12-JAN-2015,4118,INE859A01011
1082,PNC,EQ,15.1,17.05,14.1,14.4,14.8,16.0,16939,250634.1,12-JAN-2015,85,INE392B01011
1083,POCHIRAJU,EQ,36.05,36.05,34.35,34.7,35.0,34.65,23791,833117.25,12-JAN-2015,219,INE332G01032
1084,POLARIS,EQ,164.45,167.4,159.0,159.75,159.55,164.45,788085,127701259.95,12-JAN-2015,7772,INE763A01023
1085,POLYMED,EQ,903.0,928.0,899.55,904.4,906.0,907.3,84738,76856928.15,12-JAN-2015,915,INE205C01013
1086,POLYPLEX,EQ,211.0,218.0,208.25,216.85,216.4,211.0,71576,15356616.65,12-JAN-2015,1619,INE633B01018
1087,PONNIERODE,EQ,146.15,156.85,146.15,150.0,150.0,157.0,104,15900.3,12-JAN-2015,8,INE838E01017
1088,POWERGRID,EQ,137.6,139.2,135.5,136.5,136.7,138.45,2059299,281509284.45,12-JAN-2015,9646,INE752E01010
1089,PPAP,EQ,114.75,116.85,112.0,115.25,115.95,112.05,7595,868561.85,12-JAN-2015,70,INE095I01015
1090,PRADIP,EQ,2.95,2.95,2.5,2.75,2.7,2.75,355461,953085.75,12-JAN-2015,496,INE495J01015
1091,PRAENG,EQ,8.2,8.5,8.05,8.1,8.2,8.35,57461,474088.75,12-JAN-2015,120,INE505C01016
1092,PRAJIND,EQ,61.0,61.8,60.55,60.95,60.85,60.5,627238,38323647.25,12-JAN-2015,4680,INE074A01025
1093,PRAKASH,EQ,56.6,56.9,55.5,55.75,55.8,55.6,126455,7083145.75,12-JAN-2015,912,INE603A01013
1094,PRAKASHCON,EQ,2.4,2.4,2.2,2.2,2.2,2.3,80605,178250.0,12-JAN-2015,42,INE023M01027
1095,PRAKASHSTL,EQ,123.85,123.85,115.5,117.35,117.25,118.45,10795,1273033.85,12-JAN-2015,90,INE696K01016
1096,PRATIBHA,EQ,42.45,43.75,42.05,42.55,42.5,43.4,121725,5189972.9,12-JAN-2015,783,INE308H01022
1097,PRECOT,EQ,67.6,70.6,67.6,70.2,70.2,71.45,2035,141297.7,12-JAN-2015,22,INE283A01014
1098,PRECWIRE,EQ,137.25,152.5,136.7,149.25,147.1,135.8,62706,9255022.0,12-JAN-2015,1418,INE372C01011
1099,PREMIER,EQ,52.5,54.45,52.45,53.35,52.5,53.0,7461,401527.2,12-JAN-2015,215,INE342A01018
1100,PRESSMN,EQ,36.65,36.65,33.95,34.2,34.2,34.5,10461,358239.4,12-JAN-2015,56,INE980A01023
1101,PRESTIGE,EQ,222.15,226.5,219.35,221.45,221.8,222.15,140963,31254597.05,12-JAN-2015,3062,INE811K01011
1102,PRICOL,EQ,43.25,43.85,42.6,42.75,42.65,43.05,508680,22015379.35,12-JAN-2015,772,INE605A01026
1103,PRIMESECU,EQ,5.3,5.65,4.9,5.0,5.05,5.25,11163,58609.8,12-JAN-2015,33,INE032B01021
1104,PRISMCEM,EQ,80.6,80.6,79.0,80.0,79.1,78.45,129453,10348007.15,12-JAN-2015,1773,INE010A01011
1105,PRITHVI,BZ,2.8,2.8,2.75,2.75,2.75,2.85,2600,7205.0,12-JAN-2015,3,INE700C01013
1106,PROVOGE,EQ,7.6,8.05,7.4,7.6,7.7,7.5,257730,1993546.8,12-JAN-2015,828,INE968G01033
1107,PROZONINTU,EQ,31.3,32.0,30.1,31.4,31.5,30.05,192837,6048810.35,12-JAN-2015,1381,INE195N01013
1108,PSB,EQ,61.15,61.9,60.65,61.55,61.6,60.65,112397,6890490.2,12-JAN-2015,928,INE608A01012
1109,PSL,EQ,15.7,15.7,14.8,15.2,15.15,15.25,32311,486367.4,12-JAN-2015,257,INE474B01017
1110,PSUBNKBEES,EQ,456.0,459.74,450.0,456.13,455.15,452.46,1919,872114.81,12-JAN-2015,101,INF732E01110
1111,PTC,EQ,95.55,95.55,93.6,93.95,94.05,93.9,1643256,154785089.55,12-JAN-2015,9754,INE877F01012
1112,PTL,EQ,43.9,43.9,38.35,38.45,38.35,38.1,2405,96553.9,12-JAN-2015,55,INE034D01031
1113,PUNJABCHEM,EQ,118.0,120.95,114.3,117.15,117.9,119.05,3830,449122.55,12-JAN-2015,161,INE277B01014
1114,PUNJLLOYD,EQ,36.3,38.1,36.15,37.25,37.35,36.5,1338869,49962108.6,12-JAN-2015,5950,INE701B01021
1115,PURVA,EQ,80.5,81.8,79.1,79.8,79.6,79.5,52509,4204287.6,12-JAN-2015,3486,INE323I01011
1116,PVP,EQ,7.65,8.05,7.65,7.95,8.05,7.7,51513,408300.2,12-JAN-2015,114,INE362A01016
1117,PVR,EQ,729.0,750.0,728.95,737.1,732.0,718.35,112879,83517390.7,12-JAN-2015,4641,INE191H01014
1118,QGOLDHALF,EQ,1245.9,1264.95,1242.05,1260.35,1262.0,1237.1,516,650069.35,12-JAN-2015,393,INF082J01010
1119,QNIFTY,EQ,866.2,867.3,866.2,867.3,867.3,872.6,15,12998.5,12-JAN-2015,3,INF082J01028
1120,RADICO,EQ,84.6,86.8,84.1,85.75,85.6,84.6,460170,39489968.1,12-JAN-2015,2985,INE944F01028
1121,RAIN,EQ,41.05,42.95,41.05,41.95,41.8,42.05,102600,4303685.5,12-JAN-2015,507,INE855B01025
1122,RAINBOWPAP,EQ,67.8,68.0,66.55,67.0,67.0,67.0,10712,717438.7,12-JAN-2015,100,INE028D01025
1123,RAIREKMOH,EQ,150.0,153.0,136.0,140.0,139.0,130.7,35281,4999137.2,12-JAN-2015,217,INE313D01013
1124,RAJESHEXPO,EQ,142.5,142.95,139.0,139.6,139.5,140.5,42830,6001800.8,12-JAN-2015,832,INE343B01030
1125,RAJOIL,BE,1.55,1.55,1.45,1.5,1.55,1.5,47351,70226.05,12-JAN-2015,18,INE294G01018
1126,RAJPALAYAM,EQ,315.0,318.0,311.1,315.9,318.0,310.55,1635,512472.65,12-JAN-2015,47,INE296E01026
1127,RAJRAYON,EQ,0.55,0.55,0.55,0.55,0.55,0.5,31000,17050.0,12-JAN-2015,2,INE533D01024
1128,RAJSREESUG,EQ,23.6,23.95,22.25,22.4,22.25,23.65,16968,384799.9,12-JAN-2015,190,INE562B01019
1129,RAJTV,EQ,118.05,122.05,118.05,120.6,120.9,120.6,232953,28101366.5,12-JAN-2015,1756,INE952H01027
1130,RAJVIR,EQ,49.4,50.1,46.5,48.2,47.6,50.35,402,19230.4,12-JAN-2015,9,INE011H01014
1131,RALLIS,EQ,211.15,216.5,211.0,213.05,213.55,211.3,896945,191131174.0,12-JAN-2015,1612,INE613A01020
1132,RAMANEWS,EQ,7.5,7.5,7.1,7.25,7.25,7.35,12616,90640.25,12-JAN-2015,74,INE278B01020
1133,RAMCOCEM,EQ,325.0,325.0,314.8,320.4,322.0,320.6,151928,48371440.45,12-JAN-2015,5023,INE331A01037
1134,RAMCOIND,EQ,91.9,94.7,90.7,92.3,92.3,90.95,507939,46956501.05,12-JAN-2015,3976,INE614A01028
1135,RAMCOSYS,EQ,444.1,450.0,435.0,441.95,442.0,439.0,3555,1569159.5,12-JAN-2015,174,INE246B01019
1136,RAMKY,EQ,47.8,50.85,47.1,47.65,47.5,47.3,22798,1087064.95,12-JAN-2015,300,INE874I01013
1137,RAMSARUP,BE,2.05,2.15,2.05,2.15,2.15,2.05,287,589.35,12-JAN-2015,4,INE005D01015
1138,RANASUG,EQ,3.0,3.2,3.0,3.1,3.1,3.1,242854,760881.55,12-JAN-2015,168,INE625B01014
1139,RANBAXY,EQ,634.8,638.4,630.5,635.15,633.4,631.05,225337,142774722.85,12-JAN-2015,5786,INE015A01028
1140,RANEENGINE,EQ,515.0,515.0,514.3,514.3,514.3,519.05,40,20589.5,12-JAN-2015,3,INE222J01013
1141,RANEHOLDIN,EQ,646.0,660.0,631.5,634.6,639.85,646.2,727,465217.85,12-JAN-2015,74,INE384A01010
1142,RANKLIN,EQ,2.25,2.25,2.25,2.25,2.25,2.25,70,157.5,12-JAN-2015,1,INE619C01015
1143,RASOYPR,EQ,1.15,1.15,1.15,1.15,1.15,1.2,664034,763639.1,12-JAN-2015,159,INE904G01038
1144,RATNAMANI,EQ,670.0,677.8,660.05,665.4,663.0,670.75,3335,2228845.55,12-JAN-2015,357,INE703B01027
1145,RAYMOND,EQ,524.8,541.0,515.0,536.85,535.7,523.15,230742,122830274.85,12-JAN-2015,6237,INE301A01014
1146,RBL,EQ,290.0,290.0,282.6,287.1,285.1,291.0,1795,513335.7,12-JAN-2015,69,INE244J01017
1147,RCF,EQ,66.0,66.5,65.4,65.75,65.75,65.7,616713,40705451.0,12-JAN-2015,3769,INE027A01015
1148,RCOM,EQ,77.4,78.9,76.1,78.0,77.7,77.05,4819823,372968832.7,12-JAN-2015,21266,INE330H01018
1149,RECLTD,EQ,320.0,320.25,313.15,315.15,314.5,315.2,1471944,464684204.7,12-JAN-2015,25179,INE020B01018
1150,RECLTD,N1,1020.0,1020.0,1020.0,1020.0,1020.0,1015.01,100,102000.0,12-JAN-2015,1,INE020B07GW6
1151,RECLTD,N2,1026.5,1027.0,1026.5,1027.0,1027.0,1029.0,33,33889.5,12-JAN-2015,3,INE020B07GX4
1152,RECLTD,N8,1068.55,1068.55,1062.0,1064.96,1064.0,1065.01,1340,1427051.25,12-JAN-2015,41,INE020B07HR4
1153,RECLTD,N9,1143.99,1143.99,1141.0,1141.0,1141.0,1144.8,20,22839.95,12-JAN-2015,3,INE020B07HS2
1154,RECLTD,NF,1199.0,1199.0,1199.0,1199.0,1199.0,1199.0,50,59950.0,12-JAN-2015,1,INE020B07IG5
1155,REDINGTON,EQ,132.45,140.4,130.8,135.85,135.9,132.55,1634522,224011132.2,12-JAN-2015,15389,INE891D01026
1156,REFEX,EQ,6.45,6.5,6.1,6.45,6.45,6.45,6133,38445.85,12-JAN-2015,21,INE056I01017
1157,REGENCERAM,BE,3.85,3.85,3.85,3.85,3.85,3.85,261,1004.85,12-JAN-2015,4,INE277C01012
1158,REIAGROLTD,EQ,1.6,1.6,1.5,1.5,1.5,1.55,8635660,13077045.2,12-JAN-2015,1585,INE385B01031
1159,REISIXTEN,EQ,0.5,0.5,0.5,0.5,0.5,0.45,171050,85525.0,12-JAN-2015,45,INE849J01021
1160,RELAXO,EQ,740.0,742.0,710.05,717.5,724.2,738.75,9721,7067337.8,12-JAN-2015,835,INE131B01039
1161,RELBANK,EQ,1975.0,1999.0,1965.5,1989.11,1997.0,2015.0,12,23851.0,12-JAN-2015,10,INF733I01028
1162,RELCAPITAL,EQ,468.0,474.6,465.0,470.0,470.8,467.0,1938919,912018483.35,12-JAN-2015,33592,INE013A01015
1163,RELCNX100,EQ,83.0,83.0,83.0,83.0,83.0,84.0,10,830.0,12-JAN-2015,1,INF204K014N5
1164,RELCONS,EQ,34.3,34.3,34.05,34.05,34.05,34.3,38,1300.9,12-JAN-2015,4,INF204KA1LD7
1165,RELDIVOPP,EQ,20.75,20.75,20.75,20.75,20.75,20.75,205,4253.75,12-JAN-2015,2,INF204KA1MS3
1166,RELGOLD,EQ,2418.75,2423.55,2401.8,2414.6,2419.9,2399.4,1677,4046935.15,12-JAN-2015,394,INF733I01010
1167,RELGRNIFTY,EQ,804.0,804.0,804.0,804.0,804.0,809.9,10,8040.0,12-JAN-2015,1,INF205K01DA9
1168,RELIANCE,EQ,860.5,861.0,841.6,850.3,852.5,860.3,2308716,1956661982.25,12-JAN-2015,59103,INE002A01018
1169,RELIFIN,N1,1088.01,1099.86,1088.01,1090.61,1090.61,1093.0,211,229867.06,12-JAN-2015,9,INE958G07783
1170,RELIFIN,N6,1315.5,1315.5,1315.5,1315.5,1315.5,1275.0,10,13155.0,12-JAN-2015,1,INE958G07833
1171,RELIFIN,N8,1312.0,1312.0,1312.0,1312.0,1312.0,1310.0,101,132512.0,12-JAN-2015,3,INE958G07858
1172,RELIGARE,EQ,341.8,344.0,332.25,336.7,344.0,336.25,69220,23162643.9,12-JAN-2015,1735,INE621H01010
1173,RELIGAREGO,EQ,2550.0,2550.0,2550.0,2550.0,2550.0,2550.0,35,89250.0,12-JAN-2015,8,INF205K01361
1174,RELINFRA,EQ,485.0,491.95,478.2,485.05,486.0,485.35,1474108,714684152.0,12-JAN-2015,31922,INE036A01016
1175,RELNIFTY,EQ,99.0,100.0,99.0,100.0,100.0,98.4,3,299.0,12-JAN-2015,3,INF204KA1EU6
1176,RENUKA,EQ,15.9,16.45,15.75,16.2,16.25,15.7,4716381,76480278.1,12-JAN-2015,8410,INE087H01022
1177,REPCOHOME,EQ,694.5,702.25,681.0,684.45,683.0,698.25,125757,87156475.55,12-JAN-2015,3888,INE612J01015
1178,REPRO,EQ,294.85,300.8,286.55,288.25,287.5,294.2,5349,1563704.0,12-JAN-2015,414,INE461B01014
1179,RESPONIND,EQ,87.0,88.0,85.0,86.1,86.3,83.85,29776,2559029.45,12-JAN-2015,130,INE688D01026
1180,REVATHI,EQ,400.0,400.0,380.0,380.0,380.0,392.0,186,72245.25,12-JAN-2015,12,INE617A01013
1181,RICOAUTO,EQ,45.85,45.85,44.65,44.95,45.0,45.3,218316,9868465.35,12-JAN-2015,1043,INE209B01025
1182,RIIL,EQ,468.1,485.65,465.1,474.9,475.05,464.4,271398,129108848.05,12-JAN-2015,8797,INE046A01015
1183,RJL,EQ,62.25,62.25,60.4,60.6,60.6,61.0,955,58020.2,12-JAN-2015,29,INE722H01016
1184,RKDL,EQ,6.0,6.5,5.95,6.0,6.2,6.35,5610,34402.7,12-JAN-2015,55,INE722J01012
1185,RKFORGE,EQ,377.9,396.0,376.0,388.4,395.1,375.1,655804,254632882.55,12-JAN-2015,2179,INE399G01015
1186,RMCL,EQ,41.5,42.45,40.65,41.1,41.15,40.65,656690,27342376.9,12-JAN-2015,3157,INE172H01014
1187,RML,EQ,415.0,424.2,405.0,422.5,422.0,405.9,696,287354.6,12-JAN-2015,71,INE050H01012
1188,RMMIL,EQ,1.6,1.6,1.45,1.45,1.5,1.55,55733,82852.7,12-JAN-2015,58,INE774I01031
1189,ROHITFERRO,EQ,8.15,8.65,8.0,8.4,8.35,8.15,89548,755465.25,12-JAN-2015,239,INE248H01012
1190,ROHLTD,EQ,43.0,43.0,42.0,42.7,42.7,42.7,366,15685.55,12-JAN-2015,14,INE283H01019
1191,ROLTA,EQ,102.85,104.6,101.55,103.05,103.15,102.5,521036,53791464.75,12-JAN-2015,5181,INE293A01013
1192,ROSSELLIND,EQ,88.8,99.0,88.7,96.55,96.8,90.45,12319,1184786.15,12-JAN-2015,440,INE847C01020
1193,RPGLIFE,EQ,89.0,96.1,89.0,95.85,96.0,92.2,61427,5699053.05,12-JAN-2015,593,INE105J01010
1194,RPOWER,EQ,61.0,61.45,60.5,61.25,61.25,60.95,2574207,157276222.75,12-JAN-2015,11513,INE614G01033
1195,RPPINFRA,EQ,156.4,156.4,145.05,146.45,146.25,151.55,116631,17570399.05,12-JAN-2015,2549,INE324L01013
1196,RSSOFTWARE,EQ,623.95,631.8,612.0,624.4,624.0,616.05,281993,175753907.5,12-JAN-2015,9742,INE165B01011
1197,RSWM,EQ,197.75,197.8,195.25,196.4,196.35,196.0,6754,1325786.8,12-JAN-2015,503,INE611A01016
1198,RSYSTEMS,EQ,89.9,89.9,87.0,87.5,87.1,88.6,12927,1135935.35,12-JAN-2015,274,INE411H01032
1199,RTNINFRA,EQ,2.9,3.0,2.9,3.0,2.95,2.95,211614,627913.75,12-JAN-2015,141,INE834M01019
1200,RTNPOWER,EQ,9.55,9.8,9.4,9.6,9.6,9.55,789197,7592158.4,12-JAN-2015,933,INE399K01017
1201,RUBYMILLS,EQ,309.7,309.9,286.95,291.3,291.9,307.5,11257,3327510.3,12-JAN-2015,552,INE301D01026
1202,RUCHINFRA,BE,10.65,10.95,10.55,10.9,10.9,10.75,3256,34682.95,12-JAN-2015,11,INE413B01023
1203,RUCHIRA,EQ,32.5,32.5,29.65,30.95,31.5,30.9,8313,252753.1,12-JAN-2015,124,INE803H01014
1204,RUCHISOYA,EQ,37.4,37.85,37.1,37.15,37.15,37.4,28760,1076911.9,12-JAN-2015,218,INE619A01027
1205,RUPA,EQ,235.0,243.0,230.7,236.95,237.5,234.4,21732,5168068.55,12-JAN-2015,224,INE895B01021
1206,RUSHIL,EQ,53.95,53.95,52.2,52.65,52.55,52.5,32211,1709212.0,12-JAN-2015,406,INE573K01017
1207,SABERORGAN,EQ,184.0,184.45,180.0,180.8,180.35,181.55,4463,808142.6,12-JAN-2015,100,INE243A01018
1208,SABTN,EQ,216.0,229.0,211.0,223.55,221.25,219.75,36397,8097197.25,12-JAN-2015,319,INE416A01036
1209,SADBHAV,EQ,250.85,259.5,249.1,250.95,251.4,251.85,170706,43348629.4,12-JAN-2015,3853,INE226H01026
1210,SAGCEM,EQ,320.0,321.0,320.0,320.0,320.0,320.0,627,200745.0,12-JAN-2015,9,INE229C01013
1211,SAHPETRO,EQ,47.3,48.0,44.6,45.1,45.0,46.5,60858,2806263.35,12-JAN-2015,748,INE586G01017
1212,SAIL,EQ,78.45,80.7,77.1,80.0,80.15,78.55,3473942,274873161.95,12-JAN-2015,15336,INE114A01011
1213,SAKHTISUG,EQ,16.55,17.4,16.15,16.85,16.9,16.6,54400,922900.2,12-JAN-2015,340,INE623A01011
1214,SAKSOFT,EQ,209.9,216.0,204.45,209.3,210.0,213.7,15450,3240829.05,12-JAN-2015,463,INE667G01015
1215,SAKUMA,EQ,21.15,21.45,20.5,21.45,21.45,20.85,2052,42550.6,12-JAN-2015,11,INE190H01016
1216,SALONACOT,EQ,26.95,28.95,26.95,28.5,28.5,24.15,1129,32048.55,12-JAN-2015,27,INE498E01010
1217,SALORAINTL,EQ,31.5,33.95,31.35,32.7,33.0,30.75,163,5516.7,12-JAN-2015,6,INE924A01013
1218,SALSTEEL,EQ,2.4,2.65,2.4,2.55,2.6,2.4,9561,24032.0,12-JAN-2015,18,INE658G01014
1219,SAMBANDAM,EQ,90.5,90.5,75.7,83.9,83.9,80.0,2636,226013.9,12-JAN-2015,33,INE304D01012
1220,SAMTEL,EQ,1.35,1.35,1.3,1.35,1.3,1.3,10700,14435.0,12-JAN-2015,12,INE381A01016
1221,SANDESH,EQ,498.8,500.0,491.25,499.7,500.0,501.85,358,178171.6,12-JAN-2015,39,INE583B01015
1222,SANGAMIND,EQ,78.3,78.3,75.15,76.15,76.45,77.3,6384,488201.8,12-JAN-2015,244,INE495C01010
1223,SANGHIIND,BE,56.0,57.55,53.0,57.55,57.55,54.85,99512,5676632.25,12-JAN-2015,420,INE999B01013
1224,SANGHVIFOR,EQ,39.3,41.45,39.0,40.05,40.0,38.8,9685,389363.4,12-JAN-2015,57,INE263L01013
1225,SANGHVIMOV,EQ,195.0,200.9,191.2,199.95,200.5,194.15,8329,1640722.7,12-JAN-2015,279,INE989A01024
1226,SANOFI,EQ,3571.2,3583.0,3488.4,3550.45,3550.05,3561.8,27104,96630261.35,12-JAN-2015,1240,INE058A01010
1227,SANWARIA,EQ,7.45,7.5,7.3,7.45,7.45,7.4,8576,63326.8,12-JAN-2015,46,INE890C01046
1228,SARDAEN,EQ,195.0,195.0,187.5,189.9,189.5,189.3,6459,1229188.0,12-JAN-2015,325,INE385C01013
1229,SAREGAMA,EQ,149.0,163.9,149.0,157.55,157.0,150.35,35478,5649654.15,12-JAN-2015,515,INE979A01017
1230,SARLAPOLY,EQ,440.0,469.75,438.55,441.1,440.0,443.0,3315,1462152.9,12-JAN-2015,108,INE453D01017
1231,SASKEN,EQ,255.1,261.05,246.25,254.85,254.9,255.6,212817,54216246.5,12-JAN-2015,6443,INE231F01020
1232,SATHAISPAT,EQ,37.7,37.7,37.0,37.7,37.7,38.0,552,20759.05,12-JAN-2015,9,INE176C01016
1233,SAVERA,EQ,40.2,43.25,40.15,41.35,41.45,42.5,1840,76334.4,12-JAN-2015,20,INE104E01014
1234,SBBJ,EQ,637.0,682.3,632.4,675.8,680.0,636.7,130667,87135599.15,12-JAN-2015,5399,INE648A01026
1235,SBIGETS,EQ,2565.0,2565.0,2525.0,2535.65,2533.5,2521.25,2395,6075317.15,12-JAN-2015,470,INF200K01099
1236,SBIN,EQ,304.15,307.8,301.1,307.1,306.9,303.2,8536142,2610906354.6,12-JAN-2015,71620,INE062A01020
1237,SBIN,N1,10672.0,10720.0,10672.0,10720.0,10720.0,10770.34,2,21392.0,12-JAN-2015,2,INE062A08017
1238,SBIN,N3,10950.01,10989.99,10950.01,10989.99,10989.99,10980.35,19,208330.09,12-JAN-2015,3,INE062A08033
1239,SBIN,N5,11600.0,11660.0,11595.0,11656.5,11656.0,11628.59,268,3122910.51,12-JAN-2015,60,INE062A08058
1240,SBT,EQ,550.25,564.75,538.05,549.45,547.7,544.25,91930,50659638.5,12-JAN-2015,3013,INE654A01024
1241,SCHNEIDER,EQ,155.5,159.0,153.4,155.1,155.0,153.9,259070,40273524.2,12-JAN-2015,1096,INE839M01018
1242,SCI,EQ,58.0,58.85,57.5,58.65,58.6,57.8,330524,19281957.7,12-JAN-2015,3540,INE109A01011
1243,SDBL,EQ,204.95,208.0,197.95,202.2,201.1,207.7,21517,4444922.1,12-JAN-2015,189,INE480C01012
1244,SEAMECLTD,EQ,101.25,101.25,98.0,98.8,98.4,100.6,15920,1582451.85,12-JAN-2015,469,INE497B01018
1245,SEINV,EQ,244.1,265.0,241.4,260.95,263.5,242.4,19393,4796769.6,12-JAN-2015,504,INE420C01042
1246,SELAN,EQ,335.75,335.75,326.15,328.65,327.0,334.75,32216,10595336.05,12-JAN-2015,1108,INE818A01017
1247,SELMCL,EQ,3.9,3.95,3.8,3.8,3.8,3.85,106512,411737.0,12-JAN-2015,108,INE105I01012
1248,SEPOWER,EQ,5.05,6.9,4.85,6.35,6.4,6.05,7589,47695.35,12-JAN-2015,33,INE735M01018
1249,SERVALL,EQ,4.0,4.25,3.85,4.25,4.25,4.3,9975,40794.65,12-JAN-2015,15,INE431L01016
1250,SESHAPAPER,EQ,253.85,254.0,243.1,250.05,250.0,247.1,5329,1333753.75,12-JAN-2015,165,INE630A01016
1251,SFCL,EQ,76.9,76.9,73.5,74.1,74.0,74.1,168629,12539350.3,12-JAN-2015,270,INE935O01010
1252,SGFL,BE,2.6,2.6,2.6,2.6,2.6,2.5,5,13.0,12-JAN-2015,1,INE883G01018
1253,SGJHL,EQ,27.25,27.25,26.4,26.5,26.45,26.6,14073,375127.4,12-JAN-2015,131,INE553K01019
1254,SGL,EQ,2.45,2.45,2.45,2.45,2.45,2.35,2,4.9,12-JAN-2015,1,INE353H01010
1255,SHAHALLOYS,EQ,6.35,6.35,6.35,6.35,6.35,6.8,300,1905.0,12-JAN-2015,5,INE640C01011
1256,SHAKTIPUMP,EQ,216.9,226.75,216.05,223.55,223.55,215.7,159800,35555383.05,12-JAN-2015,3327,INE908D01010
1257,SHALPAINTS,EQ,163.0,166.0,160.05,161.1,161.8,162.0,105359,17118876.55,12-JAN-2015,1959,INE849C01026
1258,SHANTIGEAR,EQ,123.3,125.95,123.3,125.15,125.05,123.9,17681,2212753.95,12-JAN-2015,679,INE631A01022
1259,SHARDACROP,EQ,254.0,262.0,254.0,255.55,254.5,255.45,60482,15580910.9,12-JAN-2015,2363,INE221J01015
1260,SHARIABEES,EQ,183.0,183.0,179.85,180.08,181.4,182.45,253,45651.5,12-JAN-2015,10,INF732E01128
1261,SHARONBIO,EQ,32.7,32.7,31.35,31.35,31.35,32.95,2100429,66156501.8,12-JAN-2015,2061,INE028B01029
1262,SHASUNPHAR,EQ,281.8,285.4,281.8,283.7,285.0,281.8,87218,24753168.75,12-JAN-2015,4366,INE317A01028
1263,SHEMAROO,EQ,183.1,187.5,183.0,184.3,184.0,185.65,29592,5470395.95,12-JAN-2015,904,INE363M01019
1264,SHILPAMED,EQ,752.4,764.05,725.25,759.95,758.95,744.65,17536,13198538.85,12-JAN-2015,736,INE790G01023
1265,SHILPI,EQ,58.1,59.95,54.0,55.2,55.25,54.9,431246,24397578.55,12-JAN-2015,5118,INE510K01019
1266,SHIRPUR-G,EQ,75.7,75.7,71.4,73.45,75.0,73.5,2909,213245.3,12-JAN-2015,117,INE196B01016
1267,SHIV-VANI,EQ,9.4,9.5,8.6,9.05,9.1,9.0,449542,4076016.75,12-JAN-2015,716,INE756B01017
1268,SHIVAMAUTO,EQ,67.15,71.75,67.15,70.1,70.0,70.5,16677,1177689.35,12-JAN-2015,440,INE637H01024
1269,SHIVTEX,EQ,37.15,38.0,37.0,37.35,37.4,37.6,2566,96281.75,12-JAN-2015,39,INE705C01012
1270,SHLAKSHMI,EQ,2.55,2.75,2.55,2.75,2.75,2.65,2374,6498.5,12-JAN-2015,14,INE851B01016
1271,SHOPERSTOP,EQ,489.65,505.3,486.0,498.8,493.1,491.05,442899,220925419.15,12-JAN-2015,1578,INE498B01024
1272,SHREECEM,EQ,9115.0,9280.0,9115.0,9202.05,9200.0,9188.3,21195,195442437.05,12-JAN-2015,1200,INE070A01015
1273,SHREERAMA,BE,6.0,6.5,6.0,6.25,6.2,6.2,9413,58113.0,12-JAN-2015,19,INE879A01019
1274,SHRENUJ,EQ,56.7,56.7,54.0,54.75,54.0,53.85,120871,6601608.2,12-JAN-2015,975,INE633A01028
1275,SHREYANIND,EQ,35.95,37.0,34.5,36.1,36.9,36.85,2261,80430.0,12-JAN-2015,9,INE231C01019
1276,SHREYAS,BE,285.0,285.0,270.0,277.9,280.0,282.85,30430,8318644.8,12-JAN-2015,268,INE757B01015
1277,SHRIASTER,EQ,7.35,7.35,7.35,7.35,7.35,8.15,1400,10290.0,12-JAN-2015,2,INE900K01012
1278,SHRIRAMCIT,EQ,2019.95,2020.0,1952.0,2007.05,2015.0,1954.95,1517,3002431.25,12-JAN-2015,441,INE722A01011
1279,SHRIRAMCIT,N3,1109.0,1109.9,1098.05,1103.75,1103.75,1102.1,702,775256.95,12-JAN-2015,24,INE722A07216
1280,SHRIRAMCIT,N7,1075.0,1075.0,1070.25,1070.33,1070.33,1076.91,80,85859.1,12-JAN-2015,4,INE722A07414
1281,SHRIRAMCIT,N8,1092.0,1092.1,1092.0,1092.1,1092.1,1093.0,30,32761.0,12-JAN-2015,3,INE722A07422
1282,SHRIRAMCIT,,1306.0,1306.0,1254.06,1254.06,1254.06,1348.0,52,65385.84,12-JAN-2015,5,INE722A07448
1283,SHRIRAMCIT,NB,1005.0,1005.0,1005.0,1005.0,1005.0,1005.0,125,125625.0,12-JAN-2015,4,INE722A07455
1284,SHRIRAMCIT,NC,1024.95,1025.5,1024.95,1025.5,1025.5,1025.0,87,89175.49,12-JAN-2015,5,INE722A07463
1285,SHRIRAMCIT,ND,1015.0,1020.0,1015.0,1018.66,1018.0,1017.85,350,356350.0,12-JAN-2015,13,INE722A07471
1286,SHRIRAMCIT,NF,1102.5,1102.5,1102.5,1102.5,1102.5,1100.0,300,330750.0,12-JAN-2015,2,INE722A07497
1287,SHRIRAMEPC,EQ,33.9,36.45,33.85,35.25,35.6,33.95,33135,1163060.4,12-JAN-2015,382,INE964H01014
1288,SHYAMTEL,EQ,30.3,30.5,30.0,30.1,30.1,31.0,1026,31068.9,12-JAN-2015,20,INE635A01023
1289,SICAGEN,EQ,15.95,16.0,14.9,15.55,15.85,15.0,14080,216448.2,12-JAN-2015,45,INE176J01011
1290,SICAL,EQ,171.45,176.2,169.2,171.2,169.35,168.85,43542,7513123.9,12-JAN-2015,906,INE075B01012
1291,SIEMENS,EQ,915.5,931.75,905.05,926.2,925.1,914.45,196652,181776671.25,12-JAN-2015,8232,INE003A01024
1292,SIGNETIND,EQ,128.9,130.0,120.0,124.3,123.0,128.55,6746,840006.4,12-JAN-2015,124,INE529F01019
1293,SIL,BE,19.0,19.0,18.1,18.9,18.9,18.75,6258,115598.45,12-JAN-2015,20,INE173A01025
1294,SILINV,EQ,83.9,84.0,74.55,76.4,76.4,72.55,2735,228141.35,12-JAN-2015,8,INE923A01015
1295,SIMBHSUGAR,EQ,13.95,14.15,13.65,13.75,13.9,13.6,5675,78724.9,12-JAN-2015,36,INE270C01017
1296,SIMPLEX,EQ,43.75,44.85,43.6,44.0,44.0,43.75,934,41424.3,12-JAN-2015,27,INE898F01018
1297,SIMPLEXINF,EQ,341.0,347.05,336.5,339.5,341.0,340.75,14608,4994370.6,12-JAN-2015,561,INE059B01024
1298,SINTEX,EQ,95.5,95.6,94.1,94.75,94.65,95.5,1650664,156545006.15,12-JAN-2015,8359,INE429C01035
1299,SIRPAPER,EQ,14.2,14.65,13.8,14.15,14.2,14.35,3900,55473.05,12-JAN-2015,26,INE202C01010
1300,SITASHREE,BE,8.65,9.35,8.6,9.35,9.35,8.95,53788,477531.0,12-JAN-2015,58,INE686I01011
1301,SITICABLE,EQ,34.7,35.0,34.2,34.8,34.7,35.0,286627,9937866.75,12-JAN-2015,1168,INE965H01011
1302,SIYSIL,EQ,915.85,969.0,911.3,964.8,960.0,932.9,3056,2902975.7,12-JAN-2015,342,INE076B01010
1303,SJVN,EQ,25.0,25.3,24.95,25.05,25.15,25.15,566924,14241575.45,12-JAN-2015,1789,INE002L01015
1304,SKFINDIA,EQ,1325.0,1325.0,1289.15,1319.9,1323.95,1329.0,19074,25021785.6,12-JAN-2015,3823,INE640A01023
1305,SKIL,EQ,24.95,25.4,24.05,25.4,25.4,23.1,68556,1730367.4,12-JAN-2015,221,INE429F01012
1306,SKMEGGPROD,EQ,133.0,139.5,130.15,132.75,133.45,129.6,246057,33298268.9,12-JAN-2015,2480,INE411D01015
1307,SKSMICRO,EQ,431.65,442.7,429.55,441.0,442.7,435.85,1388480,608030923.4,12-JAN-2015,27711,INE180K01011
1308,SKUMARSYNF,EQ,3.35,3.45,3.35,3.35,3.35,3.4,282583,958220.85,12-JAN-2015,191,INE772A01016
1309,SMARTLINK,EQ,81.25,84.0,80.05,82.45,82.5,80.55,32195,2661771.4,12-JAN-2015,632,INE178C01020
1310,SMLISUZU,EQ,968.2,968.25,945.0,950.55,953.0,961.55,11434,10894233.3,12-JAN-2015,945,INE294B01019
1311,SMPL,EQ,3.4,3.55,3.35,3.45,3.5,3.45,53796,187429.95,12-JAN-2015,85,INE215G01021
1312,SMSPHARMA,EQ,405.0,417.5,405.0,417.2,416.0,407.0,3647,1501277.05,12-JAN-2015,97,INE812G01017
1313,SNOWMAN,EQ,94.45,98.55,93.1,96.5,96.7,94.4,1047452,101143481.75,12-JAN-2015,8422,INE734N01019
1314,SOBHA,EQ,470.6,474.4,463.2,465.8,463.2,465.45,43411,20351256.05,12-JAN-2015,2510,INE671H01015
1315,SOLARINDS,EQ,2997.9,3050.0,2951.9,2977.95,2962.0,2924.15,1943,5835857.55,12-JAN-2015,424,INE343H01011
1316,SOMANYCERA,EQ,314.0,316.8,311.0,313.9,312.05,311.1,3707,1162751.15,12-JAN-2015,189,INE355A01028
1317,SOMATEX,EQ,3.5,3.5,3.15,3.2,3.2,3.45,16055,51453.25,12-JAN-2015,26,INE314C01013
1318,SONASTEER,EQ,54.5,55.6,54.3,54.95,55.3,54.15,97039,5322781.3,12-JAN-2015,728,INE643A01035
1319,SONATSOFTW,EQ,127.0,128.0,122.65,126.45,126.9,125.05,165618,20744336.55,12-JAN-2015,2648,INE269A01021
1320,SOTL,EQ,735.1,740.0,722.6,729.65,733.9,733.35,1987,1452428.5,12-JAN-2015,131,INE035D01012
1321,SOUISPAT,EQ,0.2,0.2,0.15,0.15,0.15,0.2,16139655,2429603.25,12-JAN-2015,333,INE943B01029
1322,SOUTHBANK,EQ,30.0,30.55,29.6,30.2,30.3,30.05,3334906,100508708.3,12-JAN-2015,11048,INE683A01023
1323,SPARC,EQ,198.9,211.45,197.9,207.95,208.45,199.7,1549638,321159248.5,12-JAN-2015,20402,INE232I01014
1324,SPECIALITY,EQ,186.7,192.85,186.0,187.8,187.8,188.8,12790,2427577.0,12-JAN-2015,486,INE247M01014
1325,SPENTEX,EQ,4.8,5.15,4.8,5.1,5.15,4.95,1876,9407.75,12-JAN-2015,12,INE376C01020
1326,SPIC,EQ,23.0,24.9,22.7,23.75,23.8,23.0,1507166,36406333.8,12-JAN-2015,4308,INE147A01011
1327,SPICEMOBI,EQ,26.55,28.9,25.45,28.35,28.05,28.2,39959,1092475.4,12-JAN-2015,295,INE927C01020
1328,SPLIL,EQ,11.45,11.45,10.05,10.9,10.9,10.6,67190,731508.45,12-JAN-2015,37,INE978G01016
1329,SPMLINFRA,EQ,89.6,90.9,86.55,88.1,87.0,88.55,16992,1498515.5,12-JAN-2015,297,INE937A01023
1330,SPYL,EQ,1.5,1.5,1.4,1.45,1.45,1.45,3781,5456.25,12-JAN-2015,9,INE268L01020
1331,SQSBFSI,EQ,618.05,648.8,618.05,640.95,647.2,619.2,35042,22189777.95,12-JAN-2015,1353,INE201K01015
1332,SREEL,EQ,255.0,255.0,250.8,252.2,250.8,264.0,3,756.6,12-JAN-2015,3,INE099F01013
1333,SREINFRA,EQ,47.35,49.9,46.75,47.9,47.85,47.0,973141,47167052.55,12-JAN-2015,4598,INE872A01014
1334,SREINFRA,NO,1021.05,1021.05,1021.05,1021.05,1021.05,1000.3,3,3063.15,12-JAN-2015,1,INE872A07SU1
1335,SRF,EQ,859.9,863.3,842.6,847.9,845.0,855.65,157667,134281225.05,12-JAN-2015,6228,INE647A01010
1336,SRGINFOTEC,BE,0.3,0.3,0.25,0.25,0.25,0.25,1456,370.0,12-JAN-2015,8,INE376A01032
1337,SRHHYPOLTD,EQ,44.45,48.5,44.45,46.1,46.0,47.0,1665,76523.35,12-JAN-2015,30,INE917H01012
1338,SRIPIPES,EQ,82.05,83.45,81.3,82.35,82.75,82.2,142562,11722123.7,12-JAN-2015,1081,INE943C01027
1339,SRSLTD,EQ,26.05,27.4,25.5,26.55,26.5,25.85,229922,6139328.8,12-JAN-2015,890,INE219H01039
1340,SRTRANSFIN,EQ,1060.0,1070.0,1034.45,1040.85,1042.2,1061.1,334446,351316413.0,12-JAN-2015,17909,INE721A01013
1341,SRTRANSFIN,N9,1015.0,1015.0,1015.0,1015.0,1015.0,1010.0,498,505470.0,12-JAN-2015,9,INE721A07AO1
1342,SRTRANSFIN,NC,210.0,210.0,210.0,210.0,210.0,210.0,24,5040.0,12-JAN-2015,1,INE721A07AR4
1343,SRTRANSFIN,NF,1625.0,1625.0,1625.0,1625.0,1625.0,1630.0,25,40625.0,12-JAN-2015,1,INE721A08984
1344,SRTRANSFIN,NI,1050.0,1079.83,1050.0,1070.03,1070.03,1050.0,40,42598.85,12-JAN-2015,4,INE721A08AC4
1345,SRTRANSFIN,NL,1105.0,1105.0,1098.0,1098.0,1098.0,1105.0,208,229648.0,12-JAN-2015,5,INE721A07AV6
1346,SRTRANSFIN,NN,1052.0,1052.0,1052.0,1052.0,1052.0,1238.4,10,10520.0,12-JAN-2015,1,INE721A07AX2
1347,SRTRANSFIN,NR,1070.1,1070.5,1070.0,1070.0,1070.0,1070.0,1040,1112855.0,12-JAN-2015,9,INE721A07DL1
1348,SRTRANSFIN,NU,1255.01,1255.01,1255.01,1255.01,1255.01,1254.18,10,12550.1,12-JAN-2015,1,INE721A07DO5
1349,SRTRANSFIN,NV,1060.5,1060.5,1060.5,1060.5,1060.5,1060.02,230,243915.0,12-JAN-2015,5,INE721A07FU7
1350,SRTRANSFIN,NW,1070.0,1073.0,1070.0,1073.0,1073.0,1074.78,5,5359.0,12-JAN-2015,3,INE721A07FV5
1351,SRTRANSFIN,NX,1007.0,1007.0,1007.0,1007.0,1007.0,1005.66,28,28196.0,12-JAN-2015,3,INE721A07FW3
1352,SRTRANSFIN,NY,1154.0,1154.0,1135.0,1135.0,1135.0,1154.0,73,83672.0,12-JAN-2015,2,INE721A07FX1
1353,SRTRANSFIN,NZ,1125.0,1135.0,1125.0,1130.01,1130.01,1125.0,65,73375.3,12-JAN-2015,3,INE721A07FY9
1354,SRTRANSFIN,Y1,1072.55,1080.03,1072.55,1080.03,1080.03,1083.0,72,77687.34,12-JAN-2015,5,INE721A07GR1
1355,SRTRANSFIN,Y3,1080.13,1108.9,1076.0,1105.0,1105.0,1105.0,1269,1375233.11,12-JAN-2015,26,INE721A07GT7
1356,SRTRANSFIN,Y8,1055.0,1055.0,1025.0,1035.0,1025.0,1015.0,30,31050.0,12-JAN-2015,2,INE721A07HI8
1357,SRTRANSFIN,Y9,1078.0,1080.0,1078.0,1079.66,1080.0,1077.0,60,64780.0,12-JAN-2015,5,INE721A07HJ6
1358,SRTRANSFIN,YB,1030.25,1030.25,1030.25,1030.25,1030.25,1034.0,10,10302.5,12-JAN-2015,1,INE721A07HL2
1359,SRTRANSFIN,YC,1010.0,1010.0,1010.0,1010.0,1010.0,1010.6,10,10100.0,12-JAN-2015,1,INE721A07HM0
1360,SSLT,EQ,207.05,208.0,204.25,206.25,206.0,207.8,2641823,543615357.4,12-JAN-2015,25474,INE205A01025
1361,SSWL,EQ,359.0,364.5,352.8,360.1,356.8,357.2,5683,2032046.7,12-JAN-2015,393,INE802C01017
1362,STAN,DR,86.0,86.9,83.4,83.8,84.4,86.05,47547,4026543.35,12-JAN-2015,584,INE028L21018
1363,STAR,EQ,930.0,942.0,924.0,927.8,927.95,927.2,336492,314305882.65,12-JAN-2015,10783,INE939A01011
1364,STARPAPER,EQ,22.0,23.95,22.0,22.75,22.9,22.9,8449,191925.15,12-JAN-2015,78,INE733A01018
1365,STCINDIA,EQ,181.0,181.95,179.05,179.95,179.75,180.6,33565,6056587.85,12-JAN-2015,1631,INE655A01013
1366,STEL,BE,29.4,29.45,28.8,29.45,29.45,28.05,9165,268156.75,12-JAN-2015,35,INE577L01016
1367,STERLINBIO,EQ,7.1,7.35,7.0,7.05,7.0,7.1,122625,868196.25,12-JAN-2015,267,INE324C01038
1368,STERTOOLS,EQ,334.65,398.0,334.35,366.95,363.95,334.6,157420,59088192.2,12-JAN-2015,2870,INE334A01015
1369,STINDIA,EQ,6.75,6.75,6.75,6.75,6.75,7.05,105,708.75,12-JAN-2015,3,INE090C01019
1370,STOREONE,EQ,41.0,41.8,38.3,41.05,41.5,40.65,9847,403756.7,12-JAN-2015,135,INE034H01016
1371,STRTECH,EQ,61.0,61.7,59.85,60.4,60.15,60.8,340443,20604568.45,12-JAN-2015,3181,INE089C01029
1372,STYABS,EQ,630.0,651.9,630.0,647.8,650.0,637.4,9859,6389283.45,12-JAN-2015,647,INE189B01011
1373,SUBEX,EQ,11.15,11.65,11.15,11.35,11.35,11.15,656867,7478155.25,12-JAN-2015,1515,INE754A01014
1374,SUBROS,EQ,67.5,71.5,67.5,70.9,70.7,70.05,63686,4474011.55,12-JAN-2015,785,INE287B01021
1375,SUDAR,EQ,39.0,39.25,37.7,37.9,38.0,38.7,48710,1852485.8,12-JAN-2015,389,INE384L01017
1376,SUDARSCHEM,EQ,115.0,116.45,112.7,114.45,114.3,113.35,72324,8307547.4,12-JAN-2015,957,INE659A01023
1377,SUJANATWR,EQ,16.6,17.4,16.6,16.85,16.8,17.0,44233,753035.35,12-JAN-2015,197,INE333I01036
1378,SUJANAUNI,EQ,2.05,2.15,2.05,2.1,2.15,2.1,72725,152761.0,12-JAN-2015,62,INE216G01011
1379,SUMEETINDS,EQ,14.4,14.7,14.0,14.1,14.1,14.45,31945,452578.0,12-JAN-2015,139,INE235C01010
1380,SUMMITSEC,EQ,251.0,257.0,246.0,253.5,255.0,251.15,1317,331406.1,12-JAN-2015,57,INE519C01017
1381,SUNCLAYLTD,EQ,1654.0,1707.3,1641.5,1697.05,1685.2,1687.5,2104,3552254.3,12-JAN-2015,291,INE105A01035
1382,SUNDARAM,EQ,2.95,2.95,2.9,2.95,2.95,2.85,247072,727788.6,12-JAN-2015,199,INE108E01023
1383,SUNDARMFIN,EQ,1296.0,1324.0,1296.0,1312.6,1310.0,1304.7,33853,44341549.35,12-JAN-2015,1910,INE660A01013
1384,SUNDRMBRAK,EQ,375.0,395.0,370.0,384.8,384.5,372.8,21574,8353918.75,12-JAN-2015,528,INE073D01013
1385,SUNDRMFAST,EQ,193.55,198.6,188.8,192.5,194.25,194.05,85834,16649390.05,12-JAN-2015,1802,INE387A01021
1386,SUNFLAG,EQ,26.9,27.7,26.9,27.15,27.15,26.9,12219,332160.15,12-JAN-2015,52,INE947A01014
1387,SUNILHITEC,EQ,148.35,148.5,143.15,145.5,145.9,146.4,22322,3256487.45,12-JAN-2015,423,INE305H01010
1388,SUNPHARMA,EQ,832.45,837.25,830.1,835.3,836.0,830.05,1188646,991910560.7,12-JAN-2015,34480,INE044A01036
1389,SUNTECK,EQ,264.0,264.0,252.1,256.7,253.05,262.6,67832,17597886.65,12-JAN-2015,1697,INE805D01026
1390,SUNTV,EQ,354.2,380.05,351.05,377.55,379.0,353.65,1420289,528457788.1,12-JAN-2015,28154,INE424H01027
1391,SUPER,EQ,291.15,295.0,291.15,291.15,291.15,301.5,117,34288.6,12-JAN-2015,11,INE091C01017
1392,SUPERHOUSE,EQ,257.0,268.7,248.05,265.9,264.0,254.95,26564,6946658.0,12-JAN-2015,410,INE712B01010
1393,SUPERSPIN,EQ,7.55,7.9,7.55,7.65,7.55,7.6,3603,27803.0,12-JAN-2015,15,INE662A01027
1394,SUPPETRO,EQ,77.0,77.0,74.15,75.25,74.75,77.3,13577,1028900.45,12-JAN-2015,280,INE663A01017
1395,SUPRAJIT,EQ,136.65,136.65,128.7,130.0,129.5,135.5,65499,8586006.35,12-JAN-2015,803,INE399C01030
1396,SUPREMEIND,EQ,585.0,600.0,585.0,596.85,594.15,589.75,15967,9504869.8,12-JAN-2015,3799,INE195A01028
1397,SUPREMEINF,EQ,278.65,291.0,278.65,284.25,281.55,280.85,82439,23620548.9,12-JAN-2015,1106,INE550H01011
1398,SUPREMETEX,BE,16.7,16.7,15.2,15.7,15.5,15.95,53844,879167.8,12-JAN-2015,175,INE651G01027
1399,SURANACORP,EQ,11.9,12.75,11.35,12.75,12.75,11.9,20,242.65,12-JAN-2015,3,INE357D01010
1400,SURANAIND,EQ,45.15,45.15,45.15,45.15,45.15,46.05,13,586.95,12-JAN-2015,1,INE659D01019
1401,SURANASOL,EQ,60.65,60.65,58.95,60.15,60.45,59.4,21820,1304840.15,12-JAN-2015,151,INE272L01022
1402,SURANAT&P,EQ,8.85,9.75,8.1,9.55,9.7,8.15,981042,9051190.2,12-JAN-2015,566,INE130B01031
1403,SURYAJYOTI,EQ,7.9,8.5,7.8,8.2,8.2,8.3,1664,13863.15,12-JAN-2015,16,INE411C01017
1404,SURYALAXMI,EQ,103.85,103.9,98.95,100.2,100.75,100.15,7721,781875.95,12-JAN-2015,162,INE713B01026
1405,SURYAPHARM,BZ,0.15,0.2,0.15,0.2,0.2,0.2,555640,87376.3,12-JAN-2015,61,INE249G01020
1406,SURYAROSNI,EQ,104.3,108.75,104.3,106.25,106.85,103.35,455196,48636606.15,12-JAN-2015,5300,INE335A01012
1407,SUTLEJTEX,EQ,365.0,370.95,356.15,364.75,370.95,359.2,7718,2795565.95,12-JAN-2015,228,INE645H01019
1408,SUVEN,EQ,213.8,214.4,209.5,210.25,210.05,212.35,233445,49326784.6,12-JAN-2015,4531,INE495B01038
1409,SUZLON,EQ,15.0,15.85,14.9,15.7,15.7,14.75,28011337,433098247.45,12-JAN-2015,24442,INE040H01021
1410,SWANENERGY,EQ,55.5,55.7,54.9,55.15,54.9,55.25,332231,18325095.7,12-JAN-2015,446,INE665A01038
1411,SWARAJENG,EQ,928.0,928.0,898.0,907.6,910.0,901.15,4598,4161333.95,12-JAN-2015,276,INE277A01016
1412,SWELECTES,EQ,413.0,459.9,408.0,436.25,435.9,416.4,16410,7138808.05,12-JAN-2015,820,INE409B01013
1413,SYMPHONY,EQ,2077.4,2100.0,2054.85,2081.15,2077.8,2075.2,6267,13052521.6,12-JAN-2015,758,INE225D01027
1414,SYNCOM,EQ,7.65,8.0,7.55,7.8,7.8,7.7,93643,731503.6,12-JAN-2015,204,INE602K01014
1415,SYNDIBANK,EQ,128.0,132.4,126.0,131.05,130.8,127.55,1735553,226306576.8,12-JAN-2015,13230,INE667A01018
1416,TAINWALCHM,EQ,26.5,26.5,24.0,25.8,26.0,25.9,542,13748.8,12-JAN-2015,12,INE123C01018
1417,TAJGVK,EQ,90.65,91.5,88.5,89.35,89.5,90.35,17506,1575108.85,12-JAN-2015,278,INE586B01026
1418,TAKE,EQ,57.0,61.4,56.5,59.45,58.8,56.4,1143475,67801753.4,12-JAN-2015,4108,INE142I01023
1419,TALBROAUTO,EQ,108.05,121.0,108.05,121.0,121.0,100.85,711213,84207134.55,12-JAN-2015,9364,INE187D01011
1420,TALWALKARS,EQ,312.1,317.5,307.15,309.65,308.0,314.5,85340,26655472.95,12-JAN-2015,1960,INE502K01016
1421,TANLA,EQ,24.0,24.4,22.75,23.15,23.0,23.3,862996,20426147.0,12-JAN-2015,2308,INE483C01032
1422,TANTIACONS,EQ,19.05,19.5,18.15,19.35,19.0,19.4,7756,147459.3,12-JAN-2015,68,INE388G01018
1423,TARAJEWELS,EQ,79.0,80.6,77.35,80.45,80.05,80.0,1410,112221.0,12-JAN-2015,50,INE799L01016
1424,TARAPUR,EQ,6.05,6.95,6.05,6.7,6.7,6.7,1427,9395.5,12-JAN-2015,11,INE747K01017
1425,TARMAT,EQ,24.5,25.0,24.5,25.0,25.0,25.9,1200,29900.0,12-JAN-2015,51,INE924H01018
1426,TATACHEM,EQ,442.7,444.45,437.05,439.8,439.05,442.05,198923,87649086.0,12-JAN-2015,4111,INE092A01019
1427,TATACOFFEE,EQ,948.0,962.3,942.0,946.4,944.3,946.0,47643,45289659.35,12-JAN-2015,2174,INE493A01019
1428,TATACOMM,EQ,425.0,427.8,419.3,420.55,419.45,425.25,346226,146542100.25,12-JAN-2015,4788,INE151A01013
1429,TATAELXSI,EQ,675.05,736.0,668.4,729.45,730.0,672.1,3535125,2508268782.75,12-JAN-2015,80903,INE670A01012
1430,TATAGLOBAL,EQ,156.35,158.7,155.2,157.35,156.85,155.6,1647105,259048709.55,12-JAN-2015,11530,INE192A01025
1431,TATAINVEST,EQ,558.8,561.35,555.85,557.7,557.75,560.1,9105,5087880.85,12-JAN-2015,451,INE672A01018
1432,TATAMETALI,EQ,139.0,142.9,137.1,140.55,140.4,139.4,255735,35972907.85,12-JAN-2015,4302,INE056C01010
1433,TATAMOTORS,EQ,518.5,524.7,511.25,522.3,520.95,522.3,2533395,1313463755.8,12-JAN-2015,46938,INE155A01022
1434,TATAMTRDVR,EQ,343.0,343.0,335.55,337.4,337.2,342.65,1174215,397513203.7,12-JAN-2015,32947,IN9155A01020
1435,TATAPOWER,EQ,79.65,80.55,79.1,80.3,80.3,79.8,1152593,92132508.85,12-JAN-2015,6254,INE245A01021
1436,TATASPONGE,EQ,667.0,677.0,656.45,666.85,667.0,665.05,459140,306812355.45,12-JAN-2015,12592,INE674A01014
1437,TATASTEEL,EQ,399.5,399.5,393.0,396.75,396.9,399.65,2690982,1065614960.0,12-JAN-2015,39164,INE081A01012
1438,TBZ,EQ,151.7,151.7,146.35,148.45,149.3,149.15,34183,5081665.8,12-JAN-2015,883,INE760L01018
1439,TCFSL,N9,1148.9,1148.9,1148.9,1148.9,1148.9,1141.0,1,1148.9,12-JAN-2015,1,INE306N07BN4
1440,TCI,EQ,263.45,268.5,258.0,262.5,262.5,263.55,96152,25421950.05,12-JAN-2015,2330,INE688A01022
1441,TCIDEVELOP,EQ,297.05,309.5,297.0,301.85,302.0,309.8,163,49210.55,12-JAN-2015,18,INE662L01016
1442,TCIFINANCE,EQ,42.75,44.2,41.8,42.85,42.1,43.35,21585,923387.6,12-JAN-2015,177,INE911B01018
1443,TCS,EQ,2517.0,2528.0,2480.25,2509.7,2527.95,2512.3,798003,1993265997.0,12-JAN-2015,58810,INE467B01029
1444,TDPOWERSYS,EQ,430.1,437.15,424.55,426.65,427.0,429.4,45473,19597187.95,12-JAN-2015,1155,INE419M01019
1445,TECHIN,BE,6.3,6.3,6.3,6.3,6.3,6.55,203,1278.9,12-JAN-2015,2,INE778A01021
1446,TECHM,EQ,2697.0,2759.0,2685.0,2754.0,2758.4,2680.35,864263,2368223888.3,12-JAN-2015,52434,INE669C01028
1447,TECHNO,EQ,407.3,415.95,407.0,412.15,415.0,407.8,7669,3162544.7,12-JAN-2015,544,INE286K01024
1448,TECHNOFAB,EQ,130.0,134.0,130.0,130.8,131.0,130.1,343,44777.7,12-JAN-2015,21,INE509K01011
1449,TECPRO,EQ,15.5,16.35,15.5,16.05,15.9,15.3,29917,476457.9,12-JAN-2015,138,INE904H01010
1450,TEXINFRA,EQ,47.6,49.0,46.35,48.25,48.15,47.9,166141,8055699.95,12-JAN-2015,1331,INE435C01024
1451,TEXMOPIPES,EQ,14.8,15.4,14.65,15.15,15.2,14.95,70358,1069879.95,12-JAN-2015,225,INE141K01013
1452,TEXRAIL,EQ,128.5,131.8,127.5,128.9,128.7,128.6,539455,69918480.05,12-JAN-2015,5656,INE621L01012
1453,TFCILTD,EQ,89.0,90.3,87.05,87.85,88.0,88.75,584333,51777945.7,12-JAN-2015,4261,INE305A01015
1454,TFL,EQ,5.5,6.05,5.5,6.05,6.05,6.1,170,962.5,12-JAN-2015,3,INE804H01012
1455,TGBHOTELS,EQ,49.0,58.35,49.0,58.35,58.35,48.65,40539,2292032.55,12-JAN-2015,317,INE797H01018
1456,THANGAMAYL,EQ,211.55,218.95,211.0,214.05,214.05,209.85,2361,504706.15,12-JAN-2015,97,INE085J01014
1457,THEBYKE,EQ,156.55,158.15,155.05,156.35,156.55,156.9,147958,23178354.2,12-JAN-2015,2562,INE319B01014
1458,THEMISMED,BE,188.7,192.0,185.1,190.9,191.0,184.9,1050,199440.75,12-JAN-2015,14,INE083B01016
1459,THERMAX,EQ,1050.0,1075.95,1043.1,1057.75,1056.15,1049.3,24237,25769668.7,12-JAN-2015,3308,INE152A01029
1460,THIRUSUGAR,EQ,46.9,48.0,45.5,46.95,47.0,45.15,9401,443376.8,12-JAN-2015,120,INE409A01015
1461,THOMASCOOK,EQ,173.0,184.0,171.6,180.8,180.95,172.65,443448,79648212.2,12-JAN-2015,7091,INE332A01027
1462,THOMASCOTT,BE,9.85,9.85,9.85,9.85,9.85,10.3,25,246.25,12-JAN-2015,1,INE480M01011
1463,TI,EQ,32.0,32.0,30.25,30.65,30.75,31.6,718289,22138401.0,12-JAN-2015,3096,INE133E01013
1464,TIDEWATER,EQ,18076.55,18597.9,17919.5,18447.45,18475.0,18014.05,954,17513650.0,12-JAN-2015,608,INE484C01014
1465,TIIL,EQ,178.95,188.1,175.3,182.2,181.5,175.1,11507,2087372.9,12-JAN-2015,351,INE545H01011
1466,TIJARIA,EQ,3.8,3.8,3.75,3.75,3.75,3.2,820,3078.0,12-JAN-2015,7,INE440L01017
1467,TIL,EQ,407.9,472.0,401.0,447.1,450.0,398.7,152511,68056201.6,12-JAN-2015,5070,INE806C01018
1468,TIMBOR,BE,6.25,6.25,5.8,5.8,5.8,6.1,2219,13335.2,12-JAN-2015,11,INE346L01016
1469,TIMESGTY,EQ,28.3,28.3,28.3,28.3,28.3,25.75,1980,56034.0,12-JAN-2015,5,INE289C01025
1470,TIMETECHNO,EQ,51.3,51.7,51.0,51.35,51.35,50.7,182341,9373583.4,12-JAN-2015,630,INE508G01029
1471,TIMKEN,EQ,508.5,515.85,503.35,512.5,513.0,508.0,133340,68388349.65,12-JAN-2015,3607,INE325A01013
1472,TINPLATE,EQ,63.25,63.45,62.35,62.9,63.0,62.75,65677,4127633.35,12-JAN-2015,637,INE422C01014
1473,TIPSINDLTD,EQ,55.0,57.75,54.5,55.3,55.25,56.1,4167,232197.35,12-JAN-2015,69,INE716B01011
1474,TIRUMALCHM,EQ,97.5,97.5,96.0,96.25,96.95,96.75,5510,532243.3,12-JAN-2015,119,INE338A01016
1475,TITAN,EQ,373.25,378.5,370.6,376.8,378.05,372.9,344364,129039150.2,12-JAN-2015,7513,INE280A01028
1476,TNPETRO,EQ,11.6,11.6,11.25,11.3,11.25,11.35,19761,224157.95,12-JAN-2015,32,INE148A01019
1477,TNPL,EQ,129.7,132.1,129.0,131.7,131.7,129.7,64353,8386843.6,12-JAN-2015,608,INE107A01015
1478,TNTELE,BE,4.7,4.7,4.7,4.7,4.7,4.7,10,47.0,12-JAN-2015,1,INE141D01018
1479,TODAYS,EQ,2.45,2.45,2.45,2.45,2.45,2.05,400,980.0,12-JAN-2015,1,INE944B01019
1480,TOKYOPLAST,EQ,33.0,33.4,31.0,31.65,31.5,33.8,4010,129077.05,12-JAN-2015,92,INE932C01012
1481,TORNTPHARM,EQ,1191.0,1198.85,1078.7,1138.2,1146.0,1184.35,96579,113150427.35,12-JAN-2015,5866,INE685A01028
1482,TORNTPOWER,EQ,164.95,169.9,163.8,167.95,168.0,164.3,1123270,188724370.9,12-JAN-2015,10665,INE813H01021
1483,TREEHOUSE,EQ,441.2,457.0,430.75,436.75,446.2,442.85,100886,44054973.65,12-JAN-2015,1197,INE040M01013
1484,TRENT,EQ,1472.0,1492.05,1432.55,1448.25,1444.05,1472.2,6156,8960559.2,12-JAN-2015,1339,INE849A01012
1485,TRF,EQ,367.9,386.0,359.4,373.15,372.95,367.6,66512,25027693.4,12-JAN-2015,2491,INE391D01019
1486,TRIDENT,EQ,24.55,25.35,24.5,25.0,25.15,24.7,79564,1992402.25,12-JAN-2015,237,INE064C01014
1487,TRIGYN,EQ,40.0,40.9,39.2,39.6,39.35,40.15,17451,700945.75,12-JAN-2015,219,INE948A01012
1488,TRIL,EQ,195.0,210.0,195.0,206.85,206.1,201.85,25918,5352853.55,12-JAN-2015,1075,INE763I01018
1489,TRITURBINE,EQ,113.5,114.8,110.5,111.2,111.0,112.15,94997,10691041.6,12-JAN-2015,2351,INE152M01016
1490,TRIVENI,EQ,23.95,25.3,23.55,24.5,24.5,23.75,100488,2479486.35,12-JAN-2015,697,INE256C01024
1491,TTKPRESTIG,EQ,3655.75,3811.0,3630.0,3793.9,3800.5,3655.75,10063,37638813.2,12-JAN-2015,1904,INE690A01010
1492,TTL,EQ,40.25,41.45,40.25,40.95,41.0,40.7,3579,145322.0,12-JAN-2015,44,INE592B01016
1493,TTML,EQ,8.55,8.6,8.4,8.45,8.5,8.55,838284,7111167.4,12-JAN-2015,1028,INE517B01013
1494,TUBEINVEST,EQ,348.4,352.95,342.6,344.25,344.0,349.75,24435,8508454.5,12-JAN-2015,764,INE149A01025
1495,TULIP,BZ,1.0,1.0,0.95,1.0,1.0,1.0,50301,48431.5,12-JAN-2015,34,INE122H01027
1496,TULSI,EQ,4.25,4.65,4.15,4.4,4.4,4.35,47106,208875.95,12-JAN-2015,324,INE474I01012
1497,TV18BRDCST,EQ,29.45,29.6,28.95,29.2,29.1,29.3,3259791,95546180.7,12-JAN-2015,2611,INE886H01027
1498,TVSELECT,EQ,40.8,41.9,40.1,40.9,41.35,41.3,5146,210119.15,12-JAN-2015,101,INE236G01019
1499,TVSMOTOR,EQ,293.85,305.0,290.55,299.5,301.8,296.5,2950576,871400110.5,12-JAN-2015,51831,INE494B01023
1500,TVSSRICHAK,EQ,1608.75,1673.0,1585.05,1650.15,1650.0,1618.3,5708,9361384.95,12-JAN-2015,512,INE421C01016
1501,TVTODAY,EQ,210.0,214.8,208.4,212.55,213.25,209.35,157309,33420605.45,12-JAN-2015,2442,INE038F01029
1502,TWL,EQ,308.7,316.9,306.65,313.9,313.95,307.55,122213,38167442.35,12-JAN-2015,3033,INE615H01012
1503,UBENGG,BZ,7.85,7.85,7.2,7.2,7.2,7.55,104,750.9,12-JAN-2015,3,INE328C01013
1504,UBHOLDINGS,EQ,21.0,22.8,20.95,22.05,22.1,20.85,1387357,30740414.3,12-JAN-2015,6047,INE696A01025
1505,UBL,EQ,902.0,934.85,896.1,912.95,910.5,903.95,343704,315702847.1,12-JAN-2015,17064,INE686F01025
1506,UCALFUEL,EQ,134.15,140.25,134.15,138.85,138.85,134.95,54483,7508518.2,12-JAN-2015,1348,INE139B01016
1507,UCOBANK,EQ,80.8,83.2,79.75,82.95,83.0,80.7,2281665,187514559.45,12-JAN-2015,10704,INE691A01018
1508,UFLEX,EQ,155.75,159.4,155.15,156.1,156.0,155.6,116665,18350084.05,12-JAN-2015,1839,INE516A01017
1509,UGARSUGAR,BE,9.05,9.5,9.05,9.35,9.35,9.4,3331,30838.4,12-JAN-2015,13,INE071E01023
1510,UJAAS,EQ,21.6,21.6,19.55,19.95,19.8,21.2,692984,14063903.0,12-JAN-2015,1583,INE899L01022
1511,ULTRACEMCO,EQ,2727.7,2735.0,2690.0,2700.3,2705.1,2729.35,148064,400565928.5,12-JAN-2015,17976,INE481G01011
1512,UMESLTD,EQ,3.6,3.75,3.15,3.75,3.75,3.5,3747,13518.0,12-JAN-2015,15,INE240C01028
1513,UNICHEMLAB,EQ,232.1,236.6,232.1,234.0,233.0,234.8,29501,6906262.3,12-JAN-2015,695,INE351A01035
1514,UNIENTER,EQ,26.2,27.9,25.85,27.05,27.05,26.9,8578,233156.15,12-JAN-2015,62,INE037A01022
1515,UNIONBANK,EQ,229.7,237.45,227.0,235.95,236.4,230.4,3086735,724027830.15,12-JAN-2015,36777,INE692A01016
1516,UNIPLY,EQ,12.3,12.8,12.0,12.0,12.0,12.6,19988,241631.25,12-JAN-2015,158,INE950G01015
1517,UNITECH,EQ,17.1,17.45,16.85,16.95,16.95,16.9,41618860,713926150.25,12-JAN-2015,32573,INE694A01020
1518,UNITEDBNK,EQ,42.3,44.2,42.3,42.45,42.5,42.8,518262,22335378.6,12-JAN-2015,3610,INE695A01019
1519,UNITEDTEA,EQ,225.75,225.75,207.25,208.35,207.25,215.0,252,53027.75,12-JAN-2015,6,INE458F01011
1520,UNITY,EQ,22.9,22.9,21.9,22.05,22.1,22.6,85477,1908214.45,12-JAN-2015,376,INE466H01028
1521,UNIVCABLES,BE,45.2,46.0,45.2,46.0,46.0,47.0,264,12036.45,12-JAN-2015,5,INE279A01012
1522,UPERGANGES,EQ,38.75,41.9,38.75,41.9,41.9,38.0,4198,167209.0,12-JAN-2015,46,INE018B01012
1523,UPL,EQ,332.8,334.95,328.05,330.6,330.8,332.35,900701,298662069.75,12-JAN-2015,15190,INE628A01036
1524,USHAMART,EQ,28.6,28.65,27.6,28.05,27.95,28.4,78688,2212613.7,12-JAN-2015,381,INE228A01035
1525,USHERAGRO,EQ,48.65,49.7,48.2,48.9,48.9,48.65,53369,2623345.1,12-JAN-2015,464,INE235G01011
1526,UTTAMSTL,EQ,64.05,64.6,63.1,63.7,64.2,63.65,32276,2065737.85,12-JAN-2015,461,INE699A01011
1527,UTTAMSUGAR,EQ,15.4,15.85,15.1,15.5,15.5,15.4,4980,77728.55,12-JAN-2015,55,INE786F01031
1528,UTTAMVALUE,EQ,6.1,6.4,6.1,6.25,6.3,6.15,55099,345290.15,12-JAN-2015,119,INE292A01015
1529,V2RETAIL,BE,37.2,39.0,35.6,39.0,39.0,37.15,22834,851073.65,12-JAN-2015,153,INE945H01013
1530,VADILALIND,EQ,257.45,280.0,254.45,270.45,269.6,256.0,91311,24863408.8,12-JAN-2015,2754,INE694D01016
1531,VAIBHAVGBL,EQ,667.8,675.0,659.65,669.4,673.95,663.65,12676,8396983.45,12-JAN-2015,333,INE884A01019
1532,VAKRANGEE,EQ,125.4,126.2,124.25,124.95,124.5,125.35,437744,54870253.8,12-JAN-2015,1551,INE051B01021
1533,VALECHAENG,EQ,99.25,104.9,95.7,101.35,101.25,99.6,453916,45851395.05,12-JAN-2015,6542,INE624C01015
1534,VALUEIND,EQ,13.2,13.75,12.2,12.6,12.7,12.75,66620,855617.05,12-JAN-2015,339,INE352A01017
1535,VARDHACRLC,EQ,31.0,31.25,29.55,30.2,30.15,30.55,20677,626741.3,12-JAN-2015,136,INE116G01013
1536,VARDMNPOLY,EQ,46.0,48.0,44.0,46.3,46.0,48.25,4108,191482.5,12-JAN-2015,46,INE835A01011
1537,VARUN,BZ,3.3,3.3,3.3,3.3,3.3,3.45,2000,6600.0,12-JAN-2015,1,INE032G01012
1538,VARUNSHIP,BZ,5.0,5.0,4.6,5.0,5.0,4.8,118800,589530.2,12-JAN-2015,107,INE702A01013
1539,VASCONEQ,EQ,23.65,24.45,23.65,24.2,24.15,24.45,967,23111.95,12-JAN-2015,15,INE893I01013
1540,VASWANI,EQ,3.9,3.9,3.7,3.7,3.7,3.75,3836,14547.2,12-JAN-2015,10,INE590L01019
1541,VENKEYS,EQ,394.8,394.8,388.0,389.65,388.0,389.8,18769,7317496.5,12-JAN-2015,701,INE398A01010
1542,VENUSREM,EQ,217.25,218.85,214.5,216.5,216.7,215.85,34857,7557991.1,12-JAN-2015,1181,INE411B01019
1543,VESUVIUS,EQ,712.95,715.0,692.25,699.05,704.6,710.4,520,366725.65,12-JAN-2015,80,INE386A01015
1544,VGUARD,EQ,1084.0,1095.0,1079.0,1089.4,1092.0,1081.15,11540,12553167.35,12-JAN-2015,1102,INE951I01019
1545,VHL,EQ,722.0,741.0,722.0,741.0,741.0,721.0,32,23180.0,12-JAN-2015,3,INE701A01023
1546,VICEROY,EQ,17.8,18.0,17.5,17.7,17.8,17.65,40497,717913.8,12-JAN-2015,205,INE048C01017
1547,VIDEOIND,EQ,196.7,199.8,177.4,179.45,178.8,190.9,4855812,915030828.0,12-JAN-2015,57455,INE703A01011
1548,VIJAYABANK,EQ,49.65,50.5,49.55,50.3,50.3,50.1,418357,20973686.1,12-JAN-2015,2242,INE705A01016
1549,VIJSHAN,EQ,11.6,11.7,11.35,11.5,11.5,11.4,9512,110203.95,12-JAN-2015,18,INE806F01011
1550,VIKASGLOB,EQ,7.25,7.3,7.0,7.05,7.05,7.1,58550,413259.1,12-JAN-2015,158,INE806A01020
1551,VIMALOIL,EQ,263.05,268.8,257.0,260.8,258.0,262.9,3543,933428.75,12-JAN-2015,122,INE067D01015
1552,VIMTALABS,EQ,71.7,71.7,68.5,69.05,68.7,70.6,19764,1383910.95,12-JAN-2015,270,INE579C01029
1553,VINATIORGA,EQ,467.5,474.0,460.6,466.8,465.15,467.4,15438,7233825.7,12-JAN-2015,861,INE410B01029
1554,VINDHYATEL,EQ,510.0,560.0,510.0,529.95,521.5,510.85,3252,1718900.05,12-JAN-2015,97,INE707A01012
1555,VINYLINDIA,EQ,91.0,93.3,88.0,90.2,90.35,89.05,40372,3665123.0,12-JAN-2015,1008,INE250B01029
1556,VIPIND,EQ,112.4,116.5,111.1,113.75,113.9,112.1,241584,27612853.95,12-JAN-2015,3465,INE054A01027
1557,VIPUL,EQ,42.5,44.0,41.1,43.95,43.8,42.45,220376,9594340.85,12-JAN-2015,795,INE946H01037
1558,VISAKAIND,EQ,124.1,127.95,124.0,126.7,127.35,125.35,18206,2300325.7,12-JAN-2015,492,INE392A01013
1559,VISASTEEL,EQ,17.85,19.0,17.85,18.1,18.1,18.15,2876,52725.65,12-JAN-2015,44,INE286H01012
1560,VISESHINFO,EQ,0.15,0.15,0.1,0.1,0.15,0.1,240168,35194.1,12-JAN-2015,63,INE861A01058
1561,VISUINTL,EQ,0.8,0.8,0.7,0.7,0.7,0.8,2500,1800.0,12-JAN-2015,5,INE965A01016
1562,VIVIDHA,EQ,610.0,631.9,580.0,619.35,590.0,605.0,6399,3939906.3,12-JAN-2015,846,INE370E01029
1563,VIVIMEDLAB,EQ,361.05,365.95,356.05,359.5,357.0,359.2,7079,2541189.9,12-JAN-2015,125,INE526G01013
1564,VKSPL,EQ,0.2,0.25,0.2,0.25,0.25,0.25,273446,64730.15,12-JAN-2015,33,INE213M01024
1565,VLSFINANCE,EQ,38.3,38.9,35.0,37.6,37.65,37.2,584673,22034747.1,12-JAN-2015,4358,INE709A01018
1566,VMART,EQ,531.05,536.75,507.05,524.5,525.0,526.6,4280,2240695.1,12-JAN-2015,196,INE665J01013
1567,VOLTAMP,EQ,725.2,779.0,722.0,739.5,738.6,724.1,175715,133222563.6,12-JAN-2015,8075,INE540H01012
1568,VOLTAS,EQ,246.0,248.25,243.1,245.9,246.25,246.0,1292914,317852445.2,12-JAN-2015,14035,INE226A01021
1569,VSSL,EQ,33.65,34.45,33.3,34.45,34.45,34.2,388,13096.0,12-JAN-2015,11,INE050M01012
1570,VSTIND,EQ,1912.3,1929.9,1904.85,1921.35,1923.0,1912.05,2021,3874448.05,12-JAN-2015,320,INE710A01016
1571,VSTTILLERS,EQ,1414.45,1575.0,1399.95,1542.4,1565.0,1394.65,20108,30231789.55,12-JAN-2015,2232,INE764D01017
1572,VTL,EQ,473.5,482.0,467.05,479.55,478.0,467.65,35107,16748686.1,12-JAN-2015,959,INE825A01012
1573,VTMLTD,EQ,24.2,25.0,23.5,24.95,24.95,24.0,135682,3286559.45,12-JAN-2015,74,INE222F01029
1574,WABAG,EQ,1572.9,1600.0,1566.0,1585.95,1580.0,1572.1,34261,54318080.65,12-JAN-2015,3115,INE956G01038
1575,WABCOINDIA,EQ,4660.85,4825.0,4612.6,4756.45,4725.0,4701.75,8418,40063619.2,12-JAN-2015,1746,INE342J01019
1576,WALCHANNAG,EQ,220.0,239.0,219.0,231.35,230.8,220.0,2234055,519064874.7,12-JAN-2015,35397,INE711A01022
1577,WANBURY,BE,30.4,31.45,29.75,29.9,29.8,31.15,7297,219863.35,12-JAN-2015,31,INE107F01022
1578,WEBELSOLAR,EQ,27.0,28.8,24.3,27.05,26.9,27.0,73299,1974331.3,12-JAN-2015,715,INE855C01015
1579,WEIZFOREX,EQ,239.0,245.0,239.0,244.15,240.05,239.55,3536,851765.65,12-JAN-2015,62,INE726L01019
1580,WEIZMANIND,EQ,11.25,12.15,11.25,12.15,12.15,11.85,566,6725.35,12-JAN-2015,99,INE080A01014
1581,WELCORP,EQ,68.0,69.9,68.0,68.7,68.85,67.9,63552,4384470.15,12-JAN-2015,711,INE191B01025
1582,WELENTRP,EQ,276.0,293.9,272.1,289.8,291.0,287.25,3995,1132791.15,12-JAN-2015,252,INE072P01019
1583,WELINV,EQ,38.05,38.05,38.05,38.05,38.05,37.8,17,646.85,12-JAN-2015,6,INE389K01018
1584,WELPROJ,EQ,26.35,26.85,25.3,25.85,25.7,25.55,5410,141089.2,12-JAN-2015,25,INE625G01013
1585,WELSPUNIND,EQ,334.4,336.0,328.6,330.0,330.0,331.1,16395,5435905.15,12-JAN-2015,760,INE192B01023
1586,WENDT,EQ,1998.0,2028.0,1967.7,2018.9,2019.0,1942.95,1546,3107970.9,12-JAN-2015,80,INE274C01019
1587,WHEELS,EQ,1080.0,1144.4,1076.1,1121.35,1119.5,1111.9,32646,36526485.1,12-JAN-2015,2672,INE715A01015
1588,WHIRLPOOL,EQ,673.9,684.0,659.3,678.25,680.0,672.4,60593,40663900.55,12-JAN-2015,2841,INE716A01013
1589,WILLAMAGOR,EQ,65.65,65.65,62.5,64.65,64.7,62.25,4083,261666.0,12-JAN-2015,41,INE210A01017
1590,WINDMACHIN,EQ,27.05,27.05,26.3,26.5,26.5,27.3,3298,88005.85,12-JAN-2015,29,INE052A01021
1591,WINSOME,EQ,1.55,1.55,1.35,1.4,1.4,1.35,11281,15947.25,12-JAN-2015,29,INE784B01035
1592,WINSOMEDJ,EQ,0.55,0.55,0.5,0.55,0.55,0.55,253470,138422.45,12-JAN-2015,83,INE664A01015
1593,WIPRO,EQ,550.0,559.0,547.7,556.05,556.0,553.5,829086,457819168.25,12-JAN-2015,44506,INE075A01022
1594,WOCKPHARMA,EQ,1082.1,1100.0,1078.2,1093.0,1090.65,1076.8,1055954,1153101264.4,12-JAN-2015,38140,INE049B01025
1595,WONDERLA,EQ,326.9,328.9,315.75,321.0,322.0,326.85,265748,85570145.5,12-JAN-2015,4582,INE066O01014
1596,WSI,EQ,15.1,15.35,15.1,15.35,15.35,15.65,600,9185.0,12-JAN-2015,6,INE100D01014
1597,WSTCSTPAPR,EQ,55.4,57.05,54.45,55.9,55.7,55.15,82704,4646031.95,12-JAN-2015,673,INE976A01021
1598,XCHANGING,EQ,38.0,42.65,38.0,42.25,42.65,40.55,22987,965673.25,12-JAN-2015,208,INE692G01013
1599,XLENERGY,EQ,4.45,4.45,4.3,4.35,4.35,4.35,28196,122370.4,12-JAN-2015,28,INE183H01011
1600,XPROINDIA,EQ,40.9,40.95,37.8,38.6,39.75,39.45,1218,48174.2,12-JAN-2015,23,INE445C01015
1601,YESBANK,EQ,766.0,781.0,758.5,777.85,780.0,763.85,1884698,1457428686.35,12-JAN-2015,52264,INE528G01019
1602,ZANDUREALT,EQ,1861.0,1918.9,1840.0,1864.35,1863.25,1845.3,4071,7630263.5,12-JAN-2015,1033,INE719A01017
1603,ZEEL,EQ,360.7,362.9,354.05,360.9,360.9,360.8,1646430,593376512.1,12-JAN-2015,32525,INE256A01028
1604,ZEEL,P1,0.85,0.85,0.85,0.85,0.85,0.85,145573,123737.05,12-JAN-2015,49,INE256A04014
1605,ZEELEARN,EQ,30.55,31.1,30.1,30.8,30.75,30.7,168818,5169644.45,12-JAN-2015,968,INE565L01011
1606,ZEEMEDIA,EQ,19.2,19.2,18.8,18.9,18.9,19.0,303847,5759818.6,12-JAN-2015,910,INE966H01019
1607,ZENITHBIR,EQ,0.95,1.05,0.95,1.05,1.05,1.0,1173,1206.3,12-JAN-2015,6,INE318D01020
1608,ZENITHCOMP,EQ,3.8,3.8,3.6,3.6,3.6,3.65,2200,8120.0,12-JAN-2015,6,INE598B01013
1609,ZENSARTECH,EQ,609.8,611.5,602.05,604.8,606.6,603.15,14843,9001267.3,12-JAN-2015,1102,INE520A01019
1610,ZICOM,EQ,180.0,183.25,176.65,179.55,179.65,180.0,82101,14758719.3,12-JAN-2015,1173,INE871B01014
1611,ZODIACLOTH,EQ,381.6,381.6,378.0,378.0,378.0,375.65,190,72500.4,12-JAN-2015,5,INE206B01013
1612,ZODJRDMKJ,EQ,44.95,45.7,44.05,44.2,44.2,43.55,1203,54331.05,12-JAN-2015,9,INE077B01018
1613,ZUARI,EQ,248.95,259.0,246.45,251.1,251.0,248.95,9947,2507205.7,12-JAN-2015,901,INE840M01016
1614,ZUARIGLOB,EQ,103.3,104.7,101.7,102.05,102.0,103.1,7001,720693.9,12-JAN-2015,312,INE217A01012
1615,ZYDUSWELL,EQ,787.0,802.0,780.35,783.65,780.35,786.75,43379,34361218.1,12-JAN-2015,3769,INE768C01010
1616,ZYLOG,EQ,6.8,6.85,6.7,6.8,6.7,6.8,44082,298262.3,12-JAN-2015,157,INE225I01026
