,SYMBOL,SERIES,OPEN,HIGH,LOW,CLOSE,LAST,PREVCLOSE,TOTTRDQTY,TOTTRDVAL,TIMESTAMP,TOTALTRADES,ISIN
0,20MICRONS,EQ,40.0,41.0,36.45,37.55,37.4,40.7,97369,3763444.25,13-APR-2015,621,INE144J01027
1,3IINFOTECH,EQ,7.8,8.2,7.2,7.45,7.4,7.65,7025476,54301430.7,13-APR-2015,22322,INE748C01020
2,3MINDIA,EQ,9300.0,9300.0,9002.0,9061.0,9010.0,9273.1,1060,9690021.95,13-APR-2015,269,INE470A01017
3,8KMILES,EQ,840.0,873.8,827.35,849.4,846.0,839.15,92127,78652228.85,13-APR-2015,4597,INE650K01013
4,A2ZINFRA,EQ,18.35,19.2,18.05,18.6,18.5,18.3,331348,6246131.2,13-APR-2015,1259,INE619I01012
5,AARTIDRUGS,EQ,813.75,838.4,795.05,808.85,809.7,809.35,94631,77396749.65,13-APR-2015,4804,INE767A01016
6,AARTIIND,EQ,365.0,376.0,365.0,368.35,367.0,366.75,53013,19676286.6,13-APR-2015,1844,INE769A01020
7,AARVEEDEN,EQ,44.8,48.4,43.5,45.7,45.1,45.4,1700,79628.25,13-APR-2015,57,INE273D01019
8,ABAN,EQ,458.4,472.0,457.0,465.75,465.0,457.5,1060064,494391004.6,13-APR-2015,22810,INE421A01028
9,ABB,EQ,1365.0,1422.2,1355.1,1394.45,1394.0,1354.45,104315,145620347.35,13-APR-2015,8219,INE117A01022
10,ABBOTINDIA,EQ,3985.0,4025.0,3950.0,3995.25,4001.0,3971.55,1399,5603037.15,13-APR-2015,347,INE358A01014
11,ABCIL,EQ,226.85,228.8,225.6,226.25,225.75,226.9,9191,2085373.8,13-APR-2015,214,INE605B01016
12,ABGSHIP,EQ,235.2,238.75,228.35,229.7,229.0,232.95,148339,34575788.8,13-APR-2015,2725,INE067H01016
13,ABIRLANUVO,EQ,1784.0,1800.0,1761.0,1777.15,1768.1,1774.1,174306,310071526.8,13-APR-2015,11705,INE069A01017
14,ACC,EQ,1635.0,1649.45,1588.1,1596.2,1590.0,1636.05,385454,621462790.7,13-APR-2015,23107,INE012A01025
15,ACCELYA,EQ,960.0,1020.0,956.3,1003.3,1001.0,968.65,9813,9763201.25,13-APR-2015,858,INE793A01012
16,ACE,EQ,44.15,45.95,43.9,44.25,44.4,42.4,590560,26357367.25,13-APR-2015,3211,INE731H01025
17,ACROPETAL,EQ,3.0,3.25,2.9,3.25,3.25,3.15,31770,98216.0,13-APR-2015,43,INE055L01013
18,ADANIENT,EQ,637.5,664.0,635.0,661.8,660.9,638.05,1597149,1045135021.85,13-APR-2015,32231,INE423A01024
19,ADANIPORTS,EQ,320.5,331.65,319.55,330.8,330.65,319.8,2405161,787577091.0,13-APR-2015,53124,INE742F01042
20,ADANIPOWER,EQ,49.6,50.2,48.8,49.5,49.35,49.8,3240431,160873370.95,13-APR-2015,11761,INE814H01011
21,ADFFOODS,EQ,66.3,72.4,65.5,71.9,71.3,66.4,384071,26946331.75,13-APR-2015,4042,INE982B01019
22,ADHUNIK,EQ,23.7,23.95,22.85,23.05,23.0,23.55,78081,1815465.8,13-APR-2015,418,INE400H01019
23,ADLABS,EQ,179.55,179.9,173.1,174.95,174.95,177.55,166933,29592451.25,13-APR-2015,2853,INE172N01012
24,ADORWELD,EQ,217.0,224.0,217.0,222.15,224.0,219.95,1842,407937.15,13-APR-2015,55,INE045A01017
25,ADSL,EQ,19.55,20.2,19.5,19.75,19.8,19.8,57002,1133482.75,13-APR-2015,201,INE102I01027
26,ADVANIHOTR,EQ,48.0,48.2,44.6,46.5,44.6,47.0,304,14284.15,13-APR-2015,16,INE199C01026
27,ADVANTA,EQ,572.0,590.0,550.15,558.8,557.9,569.45,102846,59179640.5,13-APR-2015,4600,INE517H01028
28,AEGISCHEM,EQ,735.0,791.9,735.0,745.95,746.9,730.85,262446,201005836.0,13-APR-2015,9061,INE208C01017
29,AFL,EQ,74.0,75.5,73.7,74.95,74.5,73.85,7811,579596.55,13-APR-2015,71,INE020G01017
30,AFTEK,BZ,4.65,4.65,4.65,4.65,4.65,4.45,3330,15484.5,13-APR-2015,5,INE796A01023
31,AGARIND,EQ,111.85,113.85,109.0,110.45,110.0,111.85,2476,276568.8,13-APR-2015,46,INE204E01012
32,AGCNET,EQ,108.9,110.95,104.05,106.5,105.1,105.8,14643,1580053.75,13-APR-2015,467,INE676A01019
33,AGRITECH,EQ,5.6,5.6,5.6,5.6,5.6,5.8,60,336.0,13-APR-2015,2,INE449G01018
34,AGRODUTCH,EQ,3.0,3.05,2.9,3.05,3.05,2.95,5156,15643.95,13-APR-2015,16,INE135B01014
35,AHLEAST,EQ,198.0,202.05,195.15,200.0,200.0,200.15,1015,202269.6,13-APR-2015,36,INE926K01017
36,AHLUCONT,EQ,275.95,282.0,274.0,275.5,275.0,275.15,48583,13514682.45,13-APR-2015,1757,INE758C01029
37,AHLWEST,EQ,125.0,129.9,123.0,125.2,125.1,123.7,1713,215933.2,13-APR-2015,18,INE915K01010
38,AHMEDFORGE,EQ,261.95,303.0,258.0,297.95,298.6,259.05,1389364,398335537.0,13-APR-2015,26427,INE425A01011
39,AIAENG,EQ,1270.0,1279.9,1220.0,1225.6,1222.35,1255.85,54207,67357826.25,13-APR-2015,4923,INE212H01026
40,AIL,EQ,725.0,754.3,725.0,732.8,732.8,725.45,45473,33668855.35,13-APR-2015,3313,INE878A01011
41,AJANTPHARM,EQ,1375.0,1387.4,1329.05,1338.15,1330.05,1375.0,95710,128871446.2,13-APR-2015,7505,INE031B01049
42,AJMERA,EQ,129.0,152.9,129.0,149.8,147.6,127.45,2168114,322245573.05,13-APR-2015,23481,INE298G01027
43,AKSHOPTFBR,EQ,15.7,16.65,15.5,16.25,16.35,15.5,563324,9144585.55,13-APR-2015,1454,INE523B01011
44,AKZOINDIA,EQ,1434.95,1444.9,1427.05,1430.2,1437.0,1428.5,7522,10799729.0,13-APR-2015,571,INE133A01011
45,ALBK,EQ,105.2,106.9,104.2,105.2,104.75,104.95,1715355,181108572.1,13-APR-2015,13177,INE428A01015
46,ALCHEM,EQ,31.0,32.0,30.35,31.5,31.75,29.8,49981,1579674.1,13-APR-2015,401,INE964B01033
47,ALEMBICLTD,EQ,39.4,40.4,39.15,39.7,39.85,39.15,494806,19694491.15,13-APR-2015,2188,INE426A01027
48,ALICON,EQ,305.05,305.05,288.4,298.3,300.0,308.35,10649,3181968.6,13-APR-2015,368,INE062D01024
49,ALKALI,EQ,58.0,58.4,52.1,54.0,54.15,56.6,207715,11418266.6,13-APR-2015,2436,INE773I01017
50,ALKYLAMINE,EQ,348.1,354.9,347.2,349.5,350.0,341.15,3644,1276881.7,13-APR-2015,97,INE150B01021
51,ALLCARGO,EQ,357.5,363.0,350.35,355.4,352.0,356.7,56994,20333909.75,13-APR-2015,1482,INE418H01029
52,ALLSEC,EQ,23.8,24.75,23.0,23.6,23.6,24.0,1218,29240.15,13-APR-2015,33,INE835G01018
53,ALMONDZ,EQ,11.5,11.5,11.1,11.1,11.1,11.4,3403,38819.05,13-APR-2015,7,INE326B01027
54,ALOKTEXT,EQ,8.75,8.95,8.4,8.65,8.65,8.65,5406651,47151297.4,13-APR-2015,3996,INE270A01011
55,ALPA,BE,14.4,14.4,14.4,14.4,14.4,13.75,42065,605736.0,13-APR-2015,60,INE385I01010
56,ALPHAGEO,EQ,471.35,522.5,460.0,494.4,497.0,477.35,64870,32832322.45,13-APR-2015,2451,INE137C01018
57,ALSTOMT&D,EQ,591.9,604.0,576.0,577.5,576.2,581.3,45777,26826046.1,13-APR-2015,2194,INE200A01026
58,AMARAJABAT,EQ,871.2,882.0,867.05,875.4,875.0,870.1,73955,64802779.05,13-APR-2015,2826,INE885A01032
59,AMBIKCO,EQ,927.0,944.0,923.0,929.05,930.0,908.2,40663,37870244.8,13-APR-2015,4066,INE540G01014
60,AMBUJACEM,EQ,259.8,260.2,254.5,257.6,257.4,258.3,1109353,286001136.05,13-APR-2015,13376,INE079A01024
61,AMDIND,EQ,23.0,23.0,22.3,22.4,22.4,22.4,2021,46082.8,13-APR-2015,17,INE005I01014
62,AMRUTANJAN,EQ,528.65,541.55,521.1,526.55,527.0,526.55,75329,40041191.8,13-APR-2015,2149,INE098F01023
63,AMTEKAUTO,EQ,164.0,171.95,162.1,171.35,171.6,163.6,2022484,341753387.55,13-APR-2015,19144,INE130C01021
64,AMTEKINDIA,EQ,75.55,78.85,73.85,77.55,77.55,75.0,1559800,120730003.7,13-APR-2015,8755,INE068D01021
65,AMTL,EQ,15.0,15.0,13.7,14.25,14.95,13.9,2887,41356.85,13-APR-2015,10,INE436N01029
66,ANANTRAJ,EQ,44.65,44.75,43.25,43.45,43.45,44.55,745056,32649213.15,13-APR-2015,5703,INE242C01024
67,ANDHRABANK,EQ,81.85,84.45,81.6,83.45,83.7,81.7,1571530,130891560.95,13-APR-2015,7963,INE434A01013
68,ANDHRACEMT,EQ,9.65,9.8,9.45,9.55,9.45,9.7,26920,258113.8,13-APR-2015,105,INE666E01012
69,ANDHRSUGAR,EQ,100.25,103.15,100.0,102.4,102.85,100.45,6924,707246.8,13-APR-2015,154,INE715B01013
70,ANGIND,EQ,42.05,42.1,40.0,41.0,41.0,41.4,311041,12771521.65,13-APR-2015,1121,INE017D01010
71,ANIKINDS,BE,24.75,24.75,24.75,24.75,24.75,23.9,10,247.5,13-APR-2015,1,INE087B01017
72,ANKITMETAL,EQ,2.9,2.9,2.8,2.85,2.85,2.85,94257,272952.8,13-APR-2015,53,INE106I01010
73,ANSALAPI,EQ,27.25,27.5,26.6,26.9,27.0,27.15,133595,3606853.8,13-APR-2015,548,INE436A01026
74,ANSALHSG,EQ,32.0,32.85,31.6,32.1,32.1,31.45,44469,1433470.95,13-APR-2015,221,INE880B01015
75,ANTGRAPHIC,BE,0.1,0.15,0.1,0.15,0.15,0.1,10917,1235.7,13-APR-2015,8,INE414B01021
76,APARINDS,EQ,380.25,384.2,371.75,377.05,377.1,383.55,11785,4456195.05,13-APR-2015,395,INE372A01015
77,APCOTEXIND,EQ,500.5,506.05,492.05,494.95,492.05,500.35,2227,1109852.2,13-APR-2015,128,INE116A01024
78,APLAPOLLO,EQ,428.8,434.0,425.0,431.85,432.0,431.5,8462,3645142.45,13-APR-2015,476,INE702C01019
79,APLLTD,EQ,487.9,496.0,481.55,490.0,491.0,484.95,216299,105939745.4,13-APR-2015,6009,INE901L01018
80,APOLLOHOSP,EQ,1400.0,1412.4,1384.2,1399.65,1399.0,1395.7,178785,250709290.95,13-APR-2015,13829,INE437A01024
81,APOLLOTYRE,EQ,181.2,189.25,180.5,188.0,188.0,180.45,3897449,727079722.55,13-APR-2015,40565,INE438A01022
82,APOLSINHOT,BE,175.0,175.0,175.0,175.0,175.0,172.35,15,2625.0,13-APR-2015,2,INE451F01016
83,APTECHT,EQ,64.2,64.7,63.1,63.35,63.35,63.4,98730,6302169.1,13-APR-2015,864,INE266F01018
84,ARCHIDPLY,EQ,36.0,39.15,35.0,39.15,39.15,35.6,140156,5365876.85,13-APR-2015,834,INE877I01016
85,ARCHIES,EQ,21.5,22.5,21.35,21.6,21.5,21.3,198429,4311983.3,13-APR-2015,890,INE731A01020
86,ARCOTECH,EQ,351.15,353.75,351.0,352.05,352.1,351.6,53679,18898215.6,13-APR-2015,806,INE574I01027
87,ARIES,EQ,127.8,132.95,126.45,128.45,128.95,123.9,186389,24021919.1,13-APR-2015,2675,INE298I01015
88,ARIHANT,EQ,44.0,44.5,43.2,44.0,44.0,45.4,812,35635.05,13-APR-2015,18,INE413D01011
89,AROGRANITE,EQ,69.0,70.0,66.4,68.65,70.0,66.5,5661,390299.75,13-APR-2015,111,INE210C01013
90,ARROWTEX,EQ,32.4,32.5,31.3,31.5,31.5,31.35,20161,640619.75,13-APR-2015,217,INE933J01015
91,ARSHIYA,EQ,48.65,52.5,48.65,50.9,50.75,48.7,773570,39718004.9,13-APR-2015,3850,INE968D01022
92,ARSSINFRA,EQ,39.9,41.1,39.75,40.2,40.1,39.8,49646,2008008.45,13-APR-2015,470,INE267I01010
93,ARVIND,EQ,283.6,286.8,279.75,281.35,280.8,283.25,1817260,514496515.45,13-APR-2015,34323,INE034A01011
94,ARVINDREM,EQ,20.05,20.05,20.05,20.05,20.05,21.1,88575,1775928.75,13-APR-2015,281,INE211C01037
95,ASAHIINDIA,EQ,141.55,144.0,141.5,141.95,142.05,142.4,55658,7952531.65,13-APR-2015,592,INE439A01020
96,ASAHISONG,EQ,152.0,154.3,145.2,149.75,149.6,151.2,71400,10715629.55,13-APR-2015,1633,INE228I01012
97,ASAL,EQ,47.65,48.0,45.45,48.0,48.0,46.7,1220,57960.5,13-APR-2015,16,INE900C01027
98,ASHAPURMIN,EQ,81.65,81.7,77.7,78.6,78.2,81.1,263515,20932405.8,13-APR-2015,3754,INE348A01023
99,ASHIANA,EQ,272.9,278.0,258.35,260.9,261.0,268.7,33094,8849025.3,13-APR-2015,1216,INE365D01021
100,ASHIMASYN,EQ,9.55,9.95,9.4,9.6,9.6,9.7,10871,104077.95,13-APR-2015,38,INE440A01010
101,ASHOKA,EQ,190.55,196.4,190.55,193.15,193.0,192.85,121131,23479504.25,13-APR-2015,1258,INE442H01029
102,ASHOKLEY,EQ,75.5,76.6,75.15,75.9,75.75,75.4,12091074,918776251.9,13-APR-2015,47975,INE208A01029
103,ASIANHOTNR,EQ,107.05,110.8,107.05,109.2,110.0,109.0,708,77741.85,13-APR-2015,17,INE363A01022
104,ASIANPAINT,EQ,860.0,865.55,852.4,862.05,858.0,859.45,805167,693508561.3,13-APR-2015,38011,INE021A01026
105,ASIANTILES,EQ,142.3,162.0,142.3,157.55,156.0,140.8,389402,60593217.45,13-APR-2015,5463,INE022I01019
106,ASSAMCO,EQ,4.7,4.75,4.5,4.55,4.55,4.65,305258,1405450.3,13-APR-2015,294,INE442A01024
107,ASTEC,EQ,164.0,171.85,162.05,168.45,167.75,164.0,457794,77001232.9,13-APR-2015,5322,INE563J01010
108,ASTRAL,EQ,518.0,534.8,492.05,499.35,499.8,517.4,166497,87644754.45,13-APR-2015,3174,INE006I01046
109,ASTRAMICRO,EQ,154.9,166.4,153.5,160.35,160.65,154.3,1625584,262933839.1,13-APR-2015,17373,INE386C01029
110,ASTRAZEN,EQ,970.1,1006.0,970.1,979.45,985.0,980.5,10569,10419871.35,13-APR-2015,768,INE203A01020
111,ATFL,EQ,648.0,648.0,635.25,639.45,638.5,634.55,4960,3181164.35,13-APR-2015,735,INE209A01019
112,ATLANTA,EQ,71.55,74.0,68.9,70.25,70.0,70.85,299590,21364271.05,13-APR-2015,2525,INE285H01022
113,ATLASCYCLE,EQ,252.95,257.4,246.1,247.95,248.3,253.3,63429,16085267.95,13-APR-2015,1505,INE446A01017
114,ATNINTER,EQ,0.25,0.25,0.25,0.25,0.25,0.25,2158,539.5,13-APR-2015,2,INE803A01027
115,ATUL,EQ,1170.0,1246.0,1152.0,1213.45,1200.0,1169.0,42095,50609755.6,13-APR-2015,1496,INE100A01010
116,ATULAUTO,EQ,569.8,579.5,561.0,568.7,568.5,569.8,73805,42087653.6,13-APR-2015,2872,INE951D01028
117,AURIONPRO,EQ,251.8,252.9,237.95,241.5,240.05,248.85,37756,9373586.15,13-APR-2015,928,INE132H01018
118,AUROPHARMA,EQ,1349.2,1357.7,1327.0,1352.0,1347.75,1342.7,1031679,1385562153.5,13-APR-2015,35482,INE406A01037
119,AUSOMENT,EQ,26.1,26.15,25.85,25.85,25.85,24.95,1104,28813.4,13-APR-2015,13,INE218C01016
120,AUSTRAL,EQ,0.65,0.75,0.65,0.75,0.75,0.7,411896,302637.35,13-APR-2015,117,INE455J01027
121,AUTOAXLES,EQ,786.65,798.0,775.0,780.0,775.0,778.6,1041,817149.1,13-APR-2015,272,INE449A01011
122,AUTOIND,EQ,70.1,72.95,69.45,70.8,70.8,69.45,193253,13787591.05,13-APR-2015,1499,INE718H01014
123,AUTOLITIND,EQ,36.2,39.5,36.2,39.0,39.0,39.45,2141,82560.4,13-APR-2015,34,INE448A01013
124,AVTNPL,EQ,34.85,37.9,34.75,37.4,37.4,34.75,206335,7581315.55,13-APR-2015,1399,INE488D01021
125,AXISBANK,EQ,570.0,571.65,562.0,566.0,565.35,568.05,4596222,2607947263.9,13-APR-2015,68130,INE238A01034
126,AXISCADES,EQ,374.9,390.15,374.9,390.15,390.15,371.6,583668,224992968.8,13-APR-2015,8178,INE555B01013
127,AXISGOLD,EQ,2490.0,2500.8,2475.0,2491.65,2491.65,2491.5,195,485717.5,13-APR-2015,42,INF846K01347
128,BAFNAPHARM,EQ,33.0,33.0,31.7,32.05,32.25,32.85,29601,951765.25,13-APR-2015,229,INE878I01014
129,BAGFILMS,EQ,3.8,3.8,3.4,3.5,3.5,3.5,126940,452963.65,13-APR-2015,198,INE116D01028
130,BAJAJ-AUTO,EQ,2115.0,2115.0,2080.0,2095.3,2097.0,2098.75,250008,523703525.95,13-APR-2015,19898,INE917I01010
131,BAJAJCORP,EQ,475.0,481.5,470.5,473.45,475.0,474.55,183142,87432751.65,13-APR-2015,4525,INE933K01021
132,BAJAJELEC,EQ,243.15,251.5,235.3,238.5,238.05,242.65,165331,40362101.75,13-APR-2015,4128,INE193E01025
133,BAJAJFINSV,EQ,1464.6,1464.6,1430.0,1438.4,1431.95,1454.85,16832,24385414.6,13-APR-2015,1960,INE918I01018
134,BAJAJHIND,EQ,17.0,17.0,16.55,16.65,16.75,16.9,667901,11200200.45,13-APR-2015,1291,INE306A01021
135,BAJAJHLDNG,EQ,1324.85,1348.0,1285.0,1288.6,1288.25,1299.75,8867,11470637.35,13-APR-2015,1854,INE118A01012
136,BAJFINANCE,EQ,4522.1,4522.1,4420.0,4453.75,4455.0,4522.1,30082,133826970.1,13-APR-2015,2675,INE296A01016
137,BALAJITELE,EQ,71.45,75.8,71.45,73.7,73.2,72.25,254054,18925779.0,13-APR-2015,1715,INE794B01026
138,BALAMINES,EQ,86.5,100.6,86.5,98.7,99.15,87.35,162516,15263640.85,13-APR-2015,1316,INE050E01027
139,BALKRISIND,EQ,727.0,743.0,727.0,730.85,731.0,722.75,123327,90609682.85,13-APR-2015,2393,INE787D01026
140,BALLARPUR,EQ,15.15,15.7,15.1,15.6,15.6,15.1,425528,6587879.4,13-APR-2015,860,INE294A01037
141,BALMLAWRIE,EQ,600.0,600.0,584.05,589.35,588.0,599.6,31400,18541186.95,13-APR-2015,1543,INE164A01016
142,BALPHARMA,EQ,78.4,78.4,74.55,75.15,75.0,77.25,47886,3615088.15,13-APR-2015,755,INE083D01012
143,BALRAMCHIN,EQ,51.3,51.55,49.55,50.0,50.0,51.1,359717,18135228.55,13-APR-2015,5143,INE119A01028
144,BANARBEADS,EQ,38.9,46.75,38.7,44.7,46.5,39.1,7778,338162.95,13-APR-2015,110,INE655B01011
145,BANARISUG,EQ,898.4,912.0,858.0,864.75,860.0,892.4,1056,922167.45,13-APR-2015,163,INE459A01010
146,BANCOINDIA,EQ,122.05,123.5,119.1,120.2,120.0,122.95,21155,2563172.6,13-APR-2015,727,INE213C01025
147,BANG,EQ,8.25,8.3,8.2,8.3,8.3,7.95,4310,35632.5,13-APR-2015,16,INE863I01016
148,BANKBARODA,EQ,175.0,177.9,174.1,175.55,174.45,174.2,3611426,634843536.5,13-APR-2015,22828,INE028A01039
149,BANKBEES,EQ,1875.0,1892.95,1870.97,1881.02,1884.0,1879.64,4871,9179994.52,13-APR-2015,159,INF732E01078
150,BANKINDIA,EQ,217.25,222.75,217.25,221.0,221.25,218.95,2529275,557575028.4,13-APR-2015,35649,INE084A01016
151,BANSWRAS,EQ,78.0,79.0,76.15,76.3,76.3,79.2,14843,1150382.45,13-APR-2015,88,INE629D01012
152,BARTRONICS,EQ,12.5,12.5,12.05,12.1,12.05,12.15,28916,352337.35,13-APR-2015,165,INE855F01034
153,BASF,EQ,1165.8,1219.0,1161.1,1203.3,1204.9,1165.35,50033,60043648.45,13-APR-2015,3186,INE373A01013
154,BASML,EQ,219.55,219.55,207.25,210.05,210.0,213.95,4936,1046561.6,13-APR-2015,43,INE186H01014
155,BATAINDIA,EQ,1161.0,1178.4,1155.05,1159.9,1157.1,1157.95,128446,150101067.8,13-APR-2015,5856,INE176A01010
156,BAYERCROP,EQ,3354.0,3989.1,3330.0,3945.45,3989.1,3324.25,146534,551389577.1,13-APR-2015,18332,INE462A01022
157,BBL,EQ,677.0,701.3,677.0,683.25,680.15,677.05,5081,3502785.95,13-APR-2015,361,INE464A01028
158,BBTC,EQ,482.4,489.2,472.55,475.95,475.0,478.05,146301,70368903.05,13-APR-2015,5503,INE050A01025
159,BEARDSELL,EQ,48.0,48.0,47.0,47.0,47.0,48.95,50,2360.0,13-APR-2015,2,INE520H01014
160,BEDMUTHA,EQ,19.1,20.9,18.2,19.4,19.75,19.3,23559,469731.65,13-APR-2015,135,INE844K01012
161,BEL,EQ,3648.9,3662.0,3430.0,3443.7,3443.75,3634.2,228229,798612603.55,13-APR-2015,20979,INE263A01016
162,BEML,EQ,1161.9,1170.0,1131.9,1135.95,1135.1,1158.45,137557,158242776.65,13-APR-2015,6294,INE258A01016
163,BEPL,EQ,21.0,21.45,20.65,21.0,21.0,21.05,155169,3258671.2,13-APR-2015,75,INE922A01025
164,BERGEPAINT,EQ,229.7,231.4,223.25,224.0,224.2,228.75,736682,166976966.75,13-APR-2015,12104,INE463A01038
165,BFINVEST,EQ,200.0,206.55,195.7,197.75,196.2,196.75,206312,41642320.8,13-APR-2015,2791,INE878K01010
166,BFUTILITIE,EQ,840.0,872.0,836.0,842.85,843.0,834.7,1754600,1500023666.9,13-APR-2015,41159,INE243D01012
167,BGLOBAL,BE,2.9,3.15,2.9,3.0,3.0,3.0,180,552.5,13-APR-2015,4,INE224M01013
168,BGRENERGY,EQ,137.0,140.5,135.7,137.55,137.15,136.3,260620,35993893.75,13-APR-2015,3434,INE661I01014
169,BHAGYNAGAR,EQ,18.0,18.25,17.65,17.8,17.8,17.45,5968,107431.65,13-APR-2015,29,INE458B01028
170,BHARATFORG,EQ,1322.0,1329.45,1305.6,1310.75,1311.0,1331.8,546244,718186761.6,13-APR-2015,28691,INE465A01025
171,BHARATGEAR,EQ,78.0,86.0,78.0,82.45,81.65,77.25,111487,9179585.05,13-APR-2015,1572,INE561C01019
172,BHARATRAS,EQ,1014.0,1014.3,932.5,963.45,970.0,970.15,857,827151.6,13-APR-2015,117,INE838B01013
173,BHARTIARTL,EQ,409.1,427.0,408.0,425.7,425.45,411.95,3882509,1632741577.55,13-APR-2015,60885,INE397D01024
174,BHARTISHIP,BZ,20.6,21.6,20.6,21.3,20.7,21.65,2610,54133.15,13-APR-2015,19,INE673G01013
175,BHEL,EQ,235.0,244.45,235.0,242.65,242.25,234.6,4011039,965129010.25,13-APR-2015,38376,INE257A01026
176,BHUSANSTL,EQ,73.7,75.2,72.25,72.7,72.25,72.8,486295,35697991.35,13-APR-2015,4240,INE824B01021
177,BIL,EQ,426.25,445.0,421.3,440.3,430.0,426.3,3315,1444869.05,13-APR-2015,193,INE828A01016
178,BILENERGY,EQ,1.0,1.0,0.9,0.9,0.9,0.9,12946,11728.3,13-APR-2015,13,INE607L01029
179,BILPOWER,EQ,1.5,1.5,1.5,1.5,1.5,1.55,5000,7500.0,13-APR-2015,1,INE952D01018
180,BINANIIND,EQ,100.7,102.0,99.5,100.4,100.45,100.1,38270,3848264.3,13-APR-2015,658,INE071A01013
181,BINDALAGRO,EQ,25.0,25.9,24.5,24.5,24.55,24.4,79649,1968758.75,13-APR-2015,397,INE143A01010
182,BIOCON,EQ,469.6,491.8,468.15,488.7,487.8,467.1,2337764,1125851109.05,13-APR-2015,44225,INE376G01013
183,BIRLACORPN,EQ,457.45,458.0,451.1,454.65,452.0,452.1,4112,1869568.2,13-APR-2015,120,INE340A01012
184,BIRLACOT,EQ,0.15,0.15,0.1,0.1,0.1,0.15,701815,92457.15,13-APR-2015,87,INE655I01024
185,BIRLAERIC,BE,56.3,60.6,56.3,60.05,59.5,58.25,6665,396996.4,13-APR-2015,61,INE800A01015
186,BIRLAMONEY,EQ,28.85,33.2,28.2,32.4,32.9,28.45,268465,8543150.25,13-APR-2015,1165,INE865C01022
187,BLBLIMITED,EQ,4.7,4.7,4.6,4.7,4.7,4.5,7951,37272.2,13-APR-2015,11,INE791A01024
188,BLISSGVS,EQ,141.3,146.0,140.2,141.2,141.7,140.55,367708,52351349.45,13-APR-2015,2049,INE416D01022
189,BLKASHYAP,EQ,16.65,16.65,16.0,16.05,16.05,16.25,73432,1189844.35,13-APR-2015,241,INE350H01032
190,BLUECHIP,EQ,0.3,0.3,0.25,0.25,0.25,0.3,11100,2830.0,13-APR-2015,4,INE657B01025
191,BLUEDART,EQ,7194.0,7194.0,6825.0,6903.75,6905.0,7135.3,11881,82342136.75,13-APR-2015,3349,INE233B01017
192,BLUEDART,N1,9.85,10.05,9.85,10.05,10.05,10.0,1115,11203.63,13-APR-2015,5,INE233B08087
193,BLUEDART,N2,9.81,9.81,9.81,9.81,9.81,10.0,4,39.24,13-APR-2015,1,INE233B08095
194,BLUEDART,N3,9.83,9.83,9.83,9.83,9.83,10.0,3,29.49,13-APR-2015,1,INE233B08103
195,BLUESTARCO,EQ,319.4,322.9,317.0,319.95,320.2,317.0,133322,42668012.9,13-APR-2015,817,INE472A01039
196,BLUESTINFO,EQ,199.8,206.9,195.1,201.5,201.0,194.3,47691,9591592.55,13-APR-2015,627,INE504B01011
197,BODALCHEM,EQ,37.95,39.45,37.95,38.45,37.95,37.85,350089,13632076.4,13-APR-2015,1184,INE338D01028
198,BOMDYEING,EQ,72.6,74.5,72.1,73.05,72.9,72.4,1344533,98626516.75,13-APR-2015,11309,INE032A01023
199,BOSCHLTD,EQ,26100.0,26580.0,25950.15,26440.6,26500.0,26069.1,22720,596905420.15,13-APR-2015,7974,INE323A01026
200,BPCL,EQ,817.65,828.9,812.0,818.4,817.0,820.05,971008,796026348.6,13-APR-2015,39369,INE029A01011
201,BPL,EQ,35.05,35.4,34.0,34.65,34.4,35.0,118031,4083621.45,13-APR-2015,875,INE110A01019
202,BRANDHOUSE,BZ,1.1,1.15,1.1,1.15,1.15,1.15,5000,5655.05,13-APR-2015,2,INE317J01011
203,BRFL,EQ,141.0,141.8,136.0,137.8,137.95,140.15,31282,4311668.6,13-APR-2015,80,INE589G01011
204,BRIGADE,EQ,153.7,156.0,150.6,154.35,154.75,152.7,33476,5161358.8,13-APR-2015,1106,INE791I01019
205,BRITANNIA,EQ,2277.9,2320.0,2269.55,2310.2,2302.75,2277.9,277352,636801919.5,13-APR-2015,22449,INE216A01022
206,BROADCAST,EQ,3.75,3.8,3.75,3.8,3.8,4.05,452,1697.6,13-APR-2015,5,INE698H01018
207,BROOKS,EQ,41.2,43.0,41.15,41.85,42.2,41.05,83436,3499747.0,13-APR-2015,553,INE650L01011
208,BSELINFRA,EQ,2.35,2.45,2.3,2.4,2.4,2.35,37411,88285.75,13-APR-2015,80,INE395A01016
209,BSL,EQ,38.9,39.95,38.0,39.35,39.25,37.9,18588,718607.6,13-APR-2015,142,INE594B01012
210,BSLGOLDETF,EQ,2516.0,2595.0,2516.0,2550.0,2550.0,2560.0,41,104063.5,13-APR-2015,7,INF209K01HT2
211,BSLIMITED,EQ,33.6,36.7,33.6,36.7,36.7,33.4,1278114,45510642.6,13-APR-2015,2762,INE043K01029
212,BSLNIFTY,EQ,105.55,105.55,95.0,95.95,95.59,105.25,2484,238176.64,13-APR-2015,32,INF209K01IR4
213,BURNPUR,EQ,9.25,9.45,9.0,9.05,9.1,9.35,98260,899115.55,13-APR-2015,244,INE817H01014
214,BUTTERFLY,EQ,222.0,222.0,212.25,217.4,215.05,217.4,1132,245424.9,13-APR-2015,77,INE295F01017
215,BVCL,EQ,17.5,18.65,17.5,18.1,18.2,17.8,2695,47962.3,13-APR-2015,23,INE139I01011
216,CADILAHC,EQ,1814.0,1814.0,1765.1,1786.35,1786.0,1802.85,119827,214491789.75,13-APR-2015,12536,INE010B01019
217,CAIRN,EQ,225.0,229.0,221.1,227.65,228.05,223.05,1727815,388624918.3,13-APR-2015,21141,INE910H01017
218,CAMLINFINE,EQ,99.9,99.9,95.0,96.4,98.25,97.55,56563,5479831.8,13-APR-2015,911,INE052I01032
219,CANBK,EQ,395.7,401.15,392.5,399.7,399.9,392.75,1524110,605493994.5,13-APR-2015,21521,INE476A01014
220,CANDC,EQ,28.6,28.65,26.05,26.4,26.4,25.8,6046,162156.7,13-APR-2015,36,INE874H01015
221,CANFINHOME,EQ,734.0,760.0,726.2,739.15,742.0,730.0,98423,73176306.55,13-APR-2015,4635,INE477A01012
222,CANTABIL,EQ,50.2,52.7,50.2,51.7,52.5,51.65,2788,142451.55,13-APR-2015,67,INE068L01016
223,CAPF,EQ,446.85,455.0,444.1,452.9,450.9,446.95,102704,46299905.15,13-APR-2015,3228,INE688I01017
224,CAPLIPOINT,EQ,1280.0,1284.0,1233.15,1241.4,1233.15,1298.05,26272,32561123.5,13-APR-2015,1176,INE475E01018
225,CARBORUNIV,EQ,185.3,186.95,180.1,180.8,180.25,185.4,101390,18616387.3,13-APR-2015,1452,INE120A01034
226,CAREERP,EQ,162.0,168.8,160.0,161.0,161.35,160.4,18300,2999599.4,13-APR-2015,388,INE521J01018
227,CARERATING,EQ,1720.0,1733.7,1695.2,1701.1,1698.05,1716.2,25753,44011986.8,13-APR-2015,3148,INE752H01013
228,CASTROLIND,EQ,471.85,473.5,467.1,469.5,468.25,469.25,171221,80503827.95,13-APR-2015,8289,INE172A01027
229,CCCL,EQ,5.15,5.15,4.7,4.9,4.8,4.85,25104,122133.6,13-APR-2015,57,INE429I01024
230,CCHHL,EQ,12.0,12.3,11.55,11.7,11.65,11.75,73682,877942.1,13-APR-2015,166,INE652F01027
231,CCL,EQ,215.8,222.5,212.05,215.45,214.2,213.8,625769,136030057.3,13-APR-2015,9813,INE421D01022
232,CEATLTD,EQ,874.95,947.75,873.0,931.45,930.5,876.3,1355760,1254524509.4,13-APR-2015,38904,INE482A01020
233,CEBBCO,EQ,22.8,26.0,21.9,25.6,25.55,22.05,257468,6410639.0,13-APR-2015,1245,INE209L01016
234,CELEBRITY,EQ,14.1,15.9,14.1,15.55,15.65,14.4,29190,435025.2,13-APR-2015,89,INE185H01016
235,CELESTIAL,EQ,59.8,60.4,59.7,60.2,60.0,59.4,121558,7310711.35,13-APR-2015,581,INE221I01017
236,CENTENKA,EQ,194.7,210.0,189.0,200.35,199.5,193.15,833506,167852906.0,13-APR-2015,13118,INE485A01015
237,CENTEXT,EQ,1.4,1.8,1.4,1.7,1.65,1.5,23671,38117.8,13-APR-2015,55,INE281A01026
238,CENTRALBK,EQ,107.05,107.95,104.65,105.6,105.15,107.95,700197,74278800.7,13-APR-2015,1892,INE483A01010
239,CENTUM,EQ,795.05,839.9,790.0,796.2,790.0,796.3,22682,18522977.05,13-APR-2015,1581,INE320B01020
240,CENTURYPLY,EQ,240.95,245.0,238.0,244.65,244.75,238.7,170591,41303941.35,13-APR-2015,3870,INE348B01021
241,CENTURYTEX,EQ,772.15,793.4,763.2,785.65,785.55,763.85,3319886,2577163775.9,13-APR-2015,64423,INE055A01016
242,CERA,EQ,2769.0,2865.0,2714.0,2852.55,2835.0,2763.35,13610,38255525.55,13-APR-2015,1838,INE739E01017
243,CEREBRAINT,EQ,16.05,16.2,15.8,16.0,16.1,15.75,71980,1150128.4,13-APR-2015,178,INE345B01019
244,CESC,EQ,601.9,610.0,599.3,605.15,605.5,599.1,529877,320485213.65,13-APR-2015,22261,INE486A01013
245,CGCL,EQ,190.25,194.0,185.1,190.0,190.0,192.5,3342,635221.05,13-APR-2015,87,INE180C01018
246,CHAMBLFERT,EQ,72.35,73.3,71.7,71.9,72.0,72.3,204884,14855020.15,13-APR-2015,1395,INE085A01013
247,CHEMFALKAL,EQ,79.0,81.45,78.9,80.75,80.05,79.0,2377,190383.9,13-APR-2015,53,INE479E01028
248,CHENNPETRO,EQ,76.3,79.0,76.3,77.05,76.7,76.3,236488,18372734.65,13-APR-2015,2260,INE178A01016
249,CHESLINTEX,EQ,10.65,11.1,10.6,10.75,10.75,10.25,17244,185365.95,13-APR-2015,40,INE217C01018
250,CHOLAFIN,EQ,584.9,597.0,582.15,589.05,588.0,578.7,25033,14764056.7,13-APR-2015,716,INE121A01016
251,CHROMATIC,EQ,4.4,4.4,4.05,4.15,4.15,4.45,102089,424887.95,13-APR-2015,104,INE662C01015
252,CIGNITITEC,EQ,458.0,464.2,442.5,448.05,446.0,446.75,13804,6224630.9,13-APR-2015,278,INE675C01017
253,CIMMCO,EQ,103.85,106.5,99.6,104.2,103.9,100.35,65504,6852318.5,13-APR-2015,1114,INE184C01028
254,CINELINE,EQ,15.2,15.6,14.85,15.2,15.0,15.7,5316,81428.2,13-APR-2015,44,INE704H01022
255,CINEVISTA,EQ,2.85,3.3,2.85,3.1,2.95,3.4,7710,22831.2,13-APR-2015,16,INE039B01026
256,CIPLA,EQ,702.0,714.6,691.0,712.4,712.8,701.15,1497566,1053718104.85,13-APR-2015,35908,INE059A01026
257,CLASSIC,BE,1.55,1.55,1.55,1.55,1.55,1.6,100,155.0,13-APR-2015,1,INE987C01024
258,CLNINDIA,EQ,868.7,887.85,868.7,879.2,880.45,866.05,36082,31719858.15,13-APR-2015,727,INE492A01029
259,CLUTCHAUTO,BE,16.35,18.05,16.35,18.0,18.0,17.2,13464,239740.2,13-APR-2015,69,INE779B01019
260,CMAHENDRA,EQ,9.7,10.4,9.45,10.1,10.2,9.5,1629968,15890676.6,13-APR-2015,3233,INE378J01013
261,CMC,EQ,2020.0,2042.2,2012.0,2023.2,2024.0,2028.35,24758,50061819.15,13-APR-2015,1073,INE314A01017
262,CNOVAPETRO,EQ,17.85,21.0,17.85,19.35,20.8,19.5,279,5200.9,13-APR-2015,11,INE672K01025
263,COALINDIA,EQ,389.4,395.7,383.8,392.35,392.5,389.0,2909461,1138693054.4,13-APR-2015,46434,INE522F01014
264,COLPAL,EQ,2141.1,2180.0,2126.35,2149.15,2145.0,2143.2,126745,272791187.7,13-APR-2015,9084,INE259A01022
265,COMPUSOFT,EQ,11.35,11.35,10.5,10.6,10.9,10.85,16023,174729.25,13-APR-2015,118,INE453B01029
266,CONCOR,EQ,1672.05,1708.0,1666.0,1673.8,1671.05,1669.45,79297,133976967.2,13-APR-2015,11364,INE111A01017
267,CONSOFINVT,EQ,38.9,40.85,38.5,39.45,38.5,38.75,2885,112714.45,13-APR-2015,43,INE025A01027
268,CORDSCABLE,EQ,25.4,26.55,24.75,25.0,25.0,24.4,4581,115096.75,13-APR-2015,39,INE792I01017
269,COREEDUTEC,EQ,9.65,9.85,9.1,9.3,9.15,9.5,374038,3563504.65,13-APR-2015,989,INE247G01024
270,COROMANDEL,EQ,265.9,269.45,261.2,262.15,264.0,265.6,152267,40256443.65,13-APR-2015,4564,INE169A01031
271,CORPBANK,EQ,60.95,61.85,60.05,61.1,61.0,60.2,223659,13662361.85,13-APR-2015,1638,INE112A01023
272,COSMOFILMS,EQ,88.1,90.35,87.05,89.9,90.2,88.5,16228,1452963.35,13-APR-2015,221,INE757A01017
273,COUNCODOS,EQ,1.5,1.5,1.5,1.5,1.5,1.45,327,490.5,13-APR-2015,2,INE695B01025
274,COX&KINGS,EQ,324.4,325.3,317.35,317.75,317.6,323.4,195266,62356270.45,13-APR-2015,5756,INE008I01026
275,CPSEETF,EQ,25.0,25.39,25.0,25.25,25.21,25.22,376198,9484419.04,13-APR-2015,274,INF457M01133
276,CREATIVEYE,EQ,3.7,3.95,3.65,3.9,3.9,3.8,1982,7513.35,13-APR-2015,16,INE230B01021
277,CREST,EQ,54.0,54.0,52.0,54.0,54.0,54.0,21201,1144488.05,13-APR-2015,65,INE559D01011
278,CRISIL,EQ,2310.0,2348.0,2265.0,2295.35,2279.0,2227.4,52917,122209859.9,13-APR-2015,6371,INE007A01025
279,CRMFGETF,EQ,2555.0,2560.0,2555.0,2560.0,2560.0,2555.0,94,240615.0,13-APR-2015,8,INF760K01BR1
280,CROMPGREAV,EQ,176.5,178.9,175.45,176.5,176.5,176.05,2945879,521369730.9,13-APR-2015,37803,INE067A01029
281,CTE,EQ,21.75,21.75,21.75,21.75,21.75,20.75,9830,213802.5,13-APR-2015,19,INE627H01017
282,CUB,EQ,95.65,96.7,94.85,95.05,95.0,95.25,398731,38136487.2,13-APR-2015,1675,INE491A01021
283,CUMMINSIND,EQ,885.0,887.25,873.5,876.85,876.0,879.7,219328,193693703.7,13-APR-2015,6016,INE298A01020
284,CURATECH,EQ,9.85,9.85,9.5,9.75,9.75,9.8,2150,20932.5,13-APR-2015,8,INE117B01012
285,CYBERMEDIA,EQ,10.0,10.35,9.45,10.1,10.35,9.9,3233,32614.2,13-APR-2015,8,INE278G01037
286,CYBERTECH,EQ,40.0,41.0,38.3,38.65,39.4,39.85,22519,892698.8,13-APR-2015,291,INE214A01019
287,CYIENT,EQ,515.0,518.4,507.0,508.9,510.0,514.45,21829,11197485.45,13-APR-2015,785,INE136B01020
288,DAAWAT,EQ,127.1,129.9,126.2,128.4,128.2,127.85,12886,1650383.7,13-APR-2015,341,INE818H01012
289,DABUR,EQ,283.0,286.95,280.9,283.6,283.75,280.3,789775,224168898.5,13-APR-2015,14937,INE016A01026
290,DALMIABHA,EQ,470.1,478.1,459.0,463.7,465.45,471.4,15307,7203784.05,13-APR-2015,813,INE439L01019
291,DALMIASUG,EQ,17.9,18.2,17.6,18.05,17.95,18.2,1709,30417.5,13-APR-2015,11,INE495A01022
292,DATAMATICS,EQ,73.0,77.4,73.0,75.4,75.45,73.7,66385,5047212.15,13-APR-2015,762,INE365B01017
293,DBCORP,EQ,382.05,395.0,381.3,384.0,384.0,385.95,516618,198395037.5,13-APR-2015,1740,INE950I01011
294,DBREALTY,EQ,71.85,73.5,70.9,71.25,71.1,71.25,651153,46972480.35,13-APR-2015,4174,INE879I01012
295,DBSTOCKBRO,EQ,47.45,47.6,47.3,47.4,47.3,47.45,24506,1162769.65,13-APR-2015,2709,INE921B01025
296,DCBBANK,EQ,115.3,115.7,114.05,114.95,114.95,114.6,2322933,266562103.55,13-APR-2015,7702,INE503A01015
297,DCM,EQ,97.05,99.75,95.0,97.75,97.1,96.15,75016,7402647.15,13-APR-2015,566,INE498A01018
298,DCMSHRIRAM,EQ,137.75,137.8,134.0,135.65,136.4,135.9,24308,3292135.75,13-APR-2015,440,INE499A01024
299,DCW,EQ,19.7,19.95,19.25,19.35,19.45,19.6,266233,5199919.4,13-APR-2015,807,INE500A01029
300,DECCANCE,EQ,374.0,405.0,355.6,386.55,380.0,357.5,4904,1863642.55,13-APR-2015,123,INE583C01013
301,DEEPAKFERT,EQ,140.6,150.0,140.0,148.1,149.1,140.6,159806,23322373.8,13-APR-2015,2169,INE501A01019
302,DEEPAKNTR,EQ,78.0,78.0,75.05,75.65,75.45,75.75,27973,2126219.05,13-APR-2015,331,INE288B01029
303,DEEPIND,EQ,62.45,63.95,59.4,62.7,62.9,62.0,66803,4134310.8,13-APR-2015,723,INE677H01012
304,DELTACORP,EQ,87.3,94.8,87.0,93.9,94.35,86.5,6232663,575614071.7,13-APR-2015,30491,INE124G01033
305,DELTAMAGNT,EQ,34.1,36.7,34.1,36.6,36.6,35.3,420,14892.0,13-APR-2015,3,INE393A01011
306,DEN,EQ,121.85,122.0,120.15,120.7,120.25,120.2,39009,4732573.55,13-APR-2015,540,INE947J01015
307,DENABANK,EQ,52.9,54.3,52.85,53.8,53.9,53.4,392455,21124214.75,13-APR-2015,2548,INE077A01010
308,DENORA,EQ,154.9,158.8,148.0,150.35,151.0,149.3,5561,837549.6,13-APR-2015,172,INE244A01016
309,DHAMPURSUG,EQ,37.15,38.5,37.15,38.2,38.3,38.0,44531,1702556.1,13-APR-2015,399,INE041A01016
310,DHANBANK,EQ,34.0,34.55,33.75,33.95,33.75,33.8,162337,5544015.5,13-APR-2015,1191,INE680A01011
311,DHANUKA,EQ,620.0,645.25,618.0,631.9,633.6,620.7,80218,50936014.6,13-APR-2015,1801,INE435G01025
312,DHARSUGAR,EQ,15.0,15.4,14.6,14.85,14.85,15.0,1972,29490.4,13-APR-2015,18,INE988C01014
313,DHFL,EQ,470.75,478.8,468.1,474.2,474.0,468.45,546970,259491390.75,13-APR-2015,15029,INE202B01012
314,DHUNINV,EQ,99.8,105.0,98.1,104.25,104.95,99.5,1881,191103.0,13-APR-2015,69,INE320L01011
315,DIAPOWER,EQ,56.8,57.35,55.4,57.35,57.35,54.65,353497,20182238.7,13-APR-2015,2044,INE989C01012
316,DICIND,EQ,399.95,400.0,381.1,389.7,390.0,396.5,9253,3614790.55,13-APR-2015,325,INE303A01010
317,DIGJAM,EQ,8.85,9.35,8.7,8.7,8.7,8.85,124540,1106811.85,13-APR-2015,405,INE471A01023
318,DISHMAN,EQ,176.85,179.4,174.3,175.75,175.4,176.45,470606,83184041.55,13-APR-2015,8250,INE353G01020
319,DISHTV,EQ,85.8,86.45,85.0,85.35,85.4,85.25,4234666,362820663.1,13-APR-2015,19064,INE836F01026
320,DIVISLAB,EQ,1949.95,1953.0,1912.6,1932.65,1935.0,1938.25,135943,262367250.85,13-APR-2015,11152,INE361B01024
321,DLF,EQ,159.6,161.15,155.85,156.8,156.6,158.4,4584338,726640076.3,13-APR-2015,37107,INE271C01023
322,DLINKINDIA,EQ,180.0,183.9,178.0,181.4,181.9,179.0,48683,8809920.6,13-APR-2015,1361,INE250K01012
323,DOLPHINOFF,EQ,142.0,144.0,140.0,140.75,140.1,140.8,126397,17891733.55,13-APR-2015,2359,INE920A01011
324,DONEAR,EQ,17.05,17.05,16.9,17.0,17.0,17.0,7134,121318.55,13-APR-2015,53,INE668D01028
325,DPL,EQ,57.0,59.85,57.0,58.15,57.75,57.7,2638,155009.15,13-APR-2015,78,INE477B01010
326,DPSCLTD,EQ,16.15,16.6,16.15,16.4,16.4,16.4,2728,45049.75,13-APR-2015,13,INE360C01024
327,DQE,EQ,27.0,27.5,25.8,26.65,26.5,26.0,85103,2292569.15,13-APR-2015,472,INE656K01010
328,DRDATSONS,EQ,11.2,11.85,11.15,11.85,11.85,10.8,6198299,72321559.95,13-APR-2015,9614,INE928K01013
329,DREDGECORP,EQ,405.5,411.0,399.1,401.7,403.0,406.4,50658,20529650.3,13-APR-2015,2389,INE506A01018
330,DRREDDY,EQ,3780.0,3807.7,3731.5,3795.35,3775.95,3797.4,263460,994492620.2,13-APR-2015,21231,INE089A01023
331,DSKULKARNI,EQ,75.6,78.0,75.15,76.65,75.55,76.1,4847,371904.05,13-APR-2015,56,INE891A01014
332,DSSL,EQ,14.9,14.9,10.15,10.15,10.15,12.5,20,250.5,13-APR-2015,11,INE417B01040
333,DTIL,EQ,225.0,230.0,220.55,222.2,222.2,225.45,1641,368608.85,13-APR-2015,47,INE341R01014
334,DUNCANSLTD,BE,17.45,17.45,16.15,17.0,17.0,17.0,2621,44112.5,13-APR-2015,15,INE508A01022
335,DWARKESH,EQ,22.8,23.1,22.45,22.7,22.7,23.15,3058,69404.65,13-APR-2015,43,INE366A01033
336,DYNAMATECH,EQ,3801.75,3921.6,3635.0,3656.1,3660.0,3771.75,25021,94073569.5,13-APR-2015,5724,INE221B01012
337,DYNATECH,EQ,3.5,3.5,3.3,3.45,3.45,3.35,58891,202365.45,13-APR-2015,97,INE741L01018
338,EASTSILK,EQ,2.4,2.4,2.3,2.3,2.3,2.4,4189,9784.7,13-APR-2015,14,INE962C01027
339,EASUNREYRL,EQ,47.7,47.7,45.0,45.4,45.5,46.15,16413,759255.3,13-APR-2015,229,INE268C01029
340,ECEIND,EQ,122.65,138.4,122.65,128.85,126.9,122.5,1850,238195.3,13-APR-2015,85,INE588B01014
341,ECLERX,EQ,1583.5,1598.0,1558.25,1568.9,1560.0,1578.8,8725,13780231.15,13-APR-2015,1032,INE738I01010
342,ECLFINANCE,N1,1026.5,1035.0,1026.5,1035.0,1035.0,1030.0,96,99301.5,13-APR-2015,5,INE804I07SG6
343,ECLFINANCE,N2,1146.01,1150.51,1146.01,1147.03,1147.03,1165.0,440,504780.4,13-APR-2015,6,INE804I07SH4
344,ECLFINANCE,N3,1055.1,1060.0,1055.0,1058.5,1058.0,1055.0,66,69772.5,13-APR-2015,4,INE804I07SI2
345,ECLFINANCE,N5,1055.0,1059.0,1054.55,1059.0,1059.0,1054.73,2064,2182204.81,13-APR-2015,32,INE804I08601
346,ECLFINANCE,N7,1165.0,1165.0,1160.0,1161.01,1161.01,1165.49,160,185756.5,13-APR-2015,4,INE804I08627
347,ECLFINANCE,N8,1006.0,1006.0,1006.0,1006.0,1006.0,1006.0,19,19114.0,13-APR-2015,1,INE804I07ZI7
348,ECLFINANCE,N9,1000.0,1000.0,1000.0,1000.0,1000.0,1000.0,5,5000.0,13-APR-2015,1,INE804I07ZJ5
349,ECLFINANCE,NB,1010.1,1014.0,1004.0,1012.06,1014.0,1004.5,1758,1777021.69,13-APR-2015,53,INE804I07ZL1
350,ECLFINANCE,NC,1000.0,1000.0,995.0,995.0,995.0,1000.0,1855,1846000.0,13-APR-2015,25,INE804I07ZM9
351,EDELWEISS,EQ,70.0,71.65,69.2,69.45,69.25,69.95,503641,35384810.45,13-APR-2015,2271,INE532F01054
352,EDL,EQ,30.65,30.65,28.5,30.35,30.5,29.35,11442,342329.05,13-APR-2015,181,INE180G01019
353,EDUCOMP,EQ,19.8,19.8,18.65,19.8,19.8,18.9,2782900,54229242.3,13-APR-2015,6454,INE216H01027
354,EICHERMOT,EQ,16200.0,16231.0,16001.0,16070.7,16020.0,16230.25,43662,704003262.4,13-APR-2015,13457,INE066A01013
355,EIDPARRY,EQ,173.75,174.2,169.35,170.15,170.0,172.55,58190,9939832.6,13-APR-2015,771,INE126A01031
356,EIHAHOTELS,EQ,229.9,229.9,220.0,222.0,222.0,222.15,498,110745.25,13-APR-2015,31,INE276C01014
357,EIHOTEL,EQ,110.3,110.4,107.5,110.0,110.1,109.9,118669,12917134.0,13-APR-2015,824,INE230A01023
358,EIMCOELECO,BE,415.25,439.0,415.25,424.25,424.0,430.2,268,115108.5,13-APR-2015,19,INE158B01016
359,EKC,EQ,11.5,11.8,11.3,11.45,11.5,11.55,84813,974841.8,13-APR-2015,429,INE184H01027
360,ELAND,EQ,21.45,23.3,20.25,21.8,21.6,20.75,931112,20380657.7,13-APR-2015,2045,INE311H01018
361,ELDERPHARM,BE,122.45,122.45,110.85,113.8,113.0,116.65,91268,10550368.55,13-APR-2015,1226,INE975A01015
362,ELECON,EQ,74.5,76.8,73.45,73.65,73.7,74.5,1318503,98803109.8,13-APR-2015,8355,INE205B01023
363,ELECTCAST,EQ,19.0,19.0,18.2,18.55,18.75,18.7,885216,16596907.3,13-APR-2015,1417,INE086A01029
364,ELECTHERM,EQ,32.6,35.6,30.1,34.8,35.0,32.45,17273,582264.3,13-APR-2015,268,INE822G01016
365,ELGIEQUIP,EQ,149.0,158.5,145.0,149.1,150.05,147.3,2371307,356967682.75,13-APR-2015,3910,INE285A01027
366,ELGIRUBCO,EQ,28.95,29.0,28.2,28.35,28.3,29.2,12982,369637.65,13-APR-2015,116,INE819L01012
367,EMAMIINFRA,EQ,42.5,44.8,42.0,44.45,43.5,43.25,19387,847552.55,13-APR-2015,200,INE778K01012
368,EMAMILTD,EQ,1110.0,1121.6,1080.05,1098.7,1100.75,1110.05,67379,74655492.2,13-APR-2015,3545,INE548C01032
369,EMCO,EQ,36.35,38.25,36.05,37.1,36.9,36.65,126560,4723392.3,13-APR-2015,866,INE078A01026
370,EMKAY,EQ,61.7,61.7,59.1,60.2,61.65,60.65,867,52416.4,13-APR-2015,32,INE296H01011
371,EMMBI,EQ,22.0,24.0,22.0,22.55,22.55,21.55,92183,2124393.3,13-APR-2015,523,INE753K01015
372,ENERGYDEV,EQ,16.4,18.2,16.4,16.9,16.65,16.25,5007,87002.7,13-APR-2015,40,INE306C01019
373,ENGINERSIN,EQ,212.0,215.6,210.05,211.0,210.7,211.75,421082,89751607.2,13-APR-2015,8947,INE510A01028
374,ENIL,EQ,737.5,771.95,731.0,736.35,731.15,739.8,14564,10989861.05,13-APR-2015,1102,INE265F01028
375,ENTEGRA,BE,4.7,4.7,4.7,4.7,4.7,4.5,1000,4700.0,13-APR-2015,2,INE826A01028
376,EON,EQ,48.0,48.0,45.35,46.25,45.8,48.85,31099,1445812.25,13-APR-2015,614,INE076H01025
377,ERAINFRA,EQ,6.75,6.75,6.75,6.75,6.75,6.45,70843,478190.25,13-APR-2015,64,INE039E01020
378,EROSMEDIA,EQ,441.7,446.5,431.95,440.25,440.35,440.35,113450,49951426.4,13-APR-2015,6047,INE416L01017
379,ESABINDIA,EQ,695.0,695.0,672.0,682.35,685.0,668.5,710,483238.4,13-APR-2015,41,INE284A01012
380,ESCORTS,EQ,134.0,140.9,133.8,138.45,138.4,133.75,1635562,225977066.85,13-APR-2015,13396,INE042A01014
381,ESL,EQ,3.95,3.95,3.85,3.95,3.9,3.9,513439,2011744.95,13-APR-2015,198,INE481K01013
382,ESSAROIL,EQ,111.4,113.6,110.8,111.85,111.8,110.65,417605,47053443.05,13-APR-2015,2572,INE011A01019
383,ESSARPORTS,EQ,122.6,127.25,122.6,124.6,124.2,123.95,47840,5993145.2,13-APR-2015,436,INE282A01024
384,ESSARSHPNG,EQ,21.5,22.4,21.5,21.95,21.9,21.8,191190,4231923.4,13-APR-2015,70,INE122M01019
385,ESSDEE,EQ,278.0,282.8,275.0,282.8,282.8,257.1,332374,93336871.95,13-APR-2015,2442,INE825H01017
386,ESSELPACK,EQ,125.6,134.6,125.5,133.25,133.9,125.45,513855,67533338.3,13-APR-2015,7601,INE255A01020
387,ESTER,EQ,18.5,19.75,18.5,19.35,19.4,18.4,27325,530994.25,13-APR-2015,190,INE778B01029
388,EUROCERA,BE,7.0,7.0,6.6,6.65,6.65,6.85,1947,13599.1,13-APR-2015,13,INE649H01011
389,EUROMULTI,EQ,1.9,2.0,1.9,1.9,1.9,1.95,6200,12280.0,13-APR-2015,7,INE063J01011
390,EUROTEXIND,EQ,23.5,26.0,23.5,25.05,25.05,24.0,1992,49739.0,13-APR-2015,20,INE022C01012
391,EVEREADY,EQ,296.05,306.05,296.0,305.7,305.0,294.6,658132,198973103.9,13-APR-2015,7423,INE128A01029
392,EVERESTIND,EQ,338.7,338.7,325.0,325.75,327.65,332.4,9511,3122538.35,13-APR-2015,217,INE295A01018
393,EVERONN,EQ,30.9,32.1,30.6,30.7,30.8,31.2,106995,3350165.6,13-APR-2015,638,INE678H01010
394,EXCELCROP,EQ,922.0,930.0,915.0,925.1,929.95,927.45,2144,1985142.65,13-APR-2015,180,INE223G01017
395,EXCELINDUS,EQ,331.3,339.0,325.25,331.9,330.0,328.85,12708,4239442.35,13-APR-2015,539,INE369A01029
396,EXCELINFO,EQ,18.0,19.2,18.0,19.0,19.0,18.35,2083,39193.0,13-APR-2015,19,INE688J01015
397,EXIDEIND,EQ,189.45,192.9,188.65,190.25,189.85,188.85,2111598,403491365.65,13-APR-2015,35459,INE302A01020
398,FACT,EQ,33.8,33.8,32.2,32.9,32.8,33.5,51729,1702897.3,13-APR-2015,455,INE188A01015
399,FAGBEARING,EQ,4411.7,4534.0,4411.7,4491.05,4450.0,4486.65,1098,4935533.85,13-APR-2015,383,INE513A01014
400,FARMAXIND,EQ,0.65,0.7,0.6,0.65,0.7,0.65,219722,142877.2,13-APR-2015,96,INE890I01035
401,FCEL,EQ,13.45,13.85,13.2,13.3,13.35,13.25,802999,10817737.7,13-APR-2015,1836,INE220J01025
402,FCL,EQ,128.0,134.8,126.2,128.75,128.0,126.6,195544,25122049.25,13-APR-2015,376,INE045J01018
403,FCSSOFT,EQ,0.25,0.3,0.25,0.25,0.25,0.25,396109,110951.5,13-APR-2015,63,INE512B01022
404,FDC,EQ,167.4,169.3,165.25,166.95,165.25,167.4,45992,7710653.45,13-APR-2015,778,INE258B01022
405,FEDDERLOYD,EQ,83.0,88.9,83.0,87.75,87.5,82.5,473009,41259266.65,13-APR-2015,4381,INE249C01011
406,FEDERALBNK,EQ,129.35,130.0,128.8,129.3,129.25,128.7,3106526,401852665.35,13-APR-2015,22213,INE171A01029
407,FIEMIND,EQ,659.0,684.0,654.85,668.6,667.05,658.45,47876,32061414.8,13-APR-2015,2031,INE737H01014
408,FILATEX,EQ,28.5,28.55,28.0,28.55,28.55,29.5,6105,173990.7,13-APR-2015,9,INE816B01019
409,FINANTECH,EQ,194.2,199.8,193.0,193.8,193.2,194.7,378875,74166530.7,13-APR-2015,7207,INE111B01023
410,FINCABLES,EQ,288.1,295.0,282.25,285.15,284.55,287.35,64111,18505005.85,13-APR-2015,1722,INE235A01022
411,FINPIPE,EQ,284.0,290.0,283.5,286.7,285.5,286.0,22879,6565536.8,13-APR-2015,1140,INE183A01016
412,FIRSTWIN,EQ,3.2,3.2,3.2,3.2,3.2,3.45,50,160.0,13-APR-2015,1,INE315J01015
413,FLEXITUFF,EQ,223.95,234.0,221.05,233.5,234.0,226.2,21711,4948191.3,13-APR-2015,230,INE060J01017
414,FLFL,EQ,76.0,77.95,76.0,77.15,77.1,76.9,36741,2832268.45,13-APR-2015,220,INE452O01016
415,FMGOETZE,EQ,430.1,437.5,425.0,433.35,431.0,430.4,6473,2797499.45,13-APR-2015,662,INE529A01010
416,FMNL,EQ,11.8,13.35,11.6,12.55,12.7,11.8,7002,89300.2,13-APR-2015,31,INE360L01017
417,FORTIS,EQ,178.1,184.4,175.35,180.9,180.6,178.25,1868010,338818166.0,13-APR-2015,15387,INE061F01013
418,FOSECOIND,EQ,1199.9,1329.9,1199.8,1289.05,1281.55,1151.05,28389,36603133.75,13-APR-2015,3159,INE519A01011
419,FRL,EQ,106.0,107.95,105.0,107.25,106.5,106.4,824069,87804027.8,13-APR-2015,5957,INE623B01027
420,FRLDVR,EQ,48.75,49.95,48.75,49.8,49.95,49.0,2290,113090.05,13-APR-2015,29,IN9623B01058
421,FSL,EQ,33.05,35.25,32.8,34.25,34.3,32.85,4960686,170810109.15,13-APR-2015,13378,INE684F01012
422,GABRIEL,EQ,88.6,90.5,88.6,89.3,89.2,88.6,141582,12707708.45,13-APR-2015,1353,INE524A01029
423,GAEL,EQ,43.1,44.75,42.05,44.5,44.65,42.85,64068,2829010.15,13-APR-2015,529,INE036B01022
424,GAIL,EQ,396.35,398.0,384.7,395.25,395.0,399.15,2330687,908602787.2,13-APR-2015,36559,INE129A01019
425,GAL,EQ,35.9,38.0,30.45,36.35,37.5,32.75,20942,727274.85,13-APR-2015,222,INE482J01013
426,GALLANTT,EQ,23.8,24.8,23.6,23.95,23.85,24.15,12541,299294.25,13-APR-2015,79,INE297H01019
427,GALLISPAT,EQ,406.5,406.95,405.85,405.95,406.0,406.8,28248,11479310.85,13-APR-2015,760,INE528K01011
428,GAMMNINFRA,EQ,14.1,14.7,14.0,14.35,14.3,14.1,389446,5576819.45,13-APR-2015,870,INE181G01025
429,GAMMONIND,EQ,20.75,21.2,20.35,20.7,20.55,20.5,171714,3561828.65,13-APR-2015,607,INE259B01020
430,GANDHITUBE,EQ,283.0,288.5,278.0,281.8,280.0,279.65,5854,1648141.1,13-APR-2015,104,INE524B01027
431,GANECOS,EQ,140.5,144.0,140.0,140.45,142.6,140.5,3410,481984.8,13-APR-2015,83,INE845D01014
432,GANESHHOUC,EQ,129.9,143.0,129.0,133.25,133.9,127.8,143339,19426030.95,13-APR-2015,3395,INE460C01014
433,GARDENSILK,EQ,25.8,27.5,24.95,25.0,25.0,25.35,136282,3471395.75,13-APR-2015,799,INE526A01016
434,GARWALLROP,EQ,204.65,208.0,201.25,204.2,204.55,204.25,13108,2688172.1,13-APR-2015,547,INE276A01018
435,GATI,EQ,244.0,246.65,238.0,240.75,240.5,242.2,638685,154661385.35,13-APR-2015,8309,INE152B01027
436,GAYAPROJ,EQ,153.0,156.95,153.0,154.25,155.8,154.85,1842,285668.7,13-APR-2015,70,INE336H01015
437,GDL,EQ,371.9,375.75,364.3,367.25,368.0,371.9,401597,149182217.6,13-APR-2015,22110,INE852F01015
438,GEECEE,EQ,56.0,56.0,51.1,52.05,52.1,51.9,6111,319959.95,13-APR-2015,54,INE916G01016
439,GEINDSYS,EQ,13.9,13.9,13.9,13.9,13.9,13.25,1690,23491.0,13-APR-2015,9,INE599B01011
440,GEMINI,EQ,1.35,1.35,1.35,1.35,1.35,1.3,8763,11830.05,13-APR-2015,12,INE878C01033
441,GENESYS,EQ,63.95,64.95,60.65,62.35,64.95,63.95,1811,113031.1,13-APR-2015,59,INE727B01026
442,GENUSPAPER,EQ,1.75,1.8,1.7,1.8,1.8,1.75,142579,255831.15,13-APR-2015,74,INE949P01018
443,GENUSPOWER,EQ,24.9,25.25,24.3,24.7,24.8,24.65,138717,3451066.75,13-APR-2015,550,INE955D01029
444,GEOJITBNPP,EQ,53.2,55.3,53.2,54.95,54.95,54.0,151088,8295241.7,13-APR-2015,703,INE007B01023
445,GEOMETRIC,EQ,193.2,197.95,188.3,191.75,191.75,193.1,843732,163379505.2,13-APR-2015,8845,INE797A01021
446,GESHIP,EQ,354.8,354.8,346.6,348.6,349.0,348.05,232129,81008899.25,13-APR-2015,4468,INE017A01032
447,GHCL,EQ,73.25,76.8,72.9,73.45,73.5,73.0,202051,15124029.85,13-APR-2015,2203,INE539A01019
448,GICHSGFIN,EQ,249.7,251.7,245.6,246.65,247.0,248.45,87235,21696256.15,13-APR-2015,1698,INE289B01019
449,GILLANDERS,EQ,61.0,61.75,60.3,60.45,60.75,60.55,6725,409849.55,13-APR-2015,47,INE047B01011
450,GILLETTE,EQ,4889.0,4898.0,4800.0,4823.85,4812.0,4859.15,4074,19743275.0,13-APR-2015,962,INE322A01010
451,GINNIFILA,EQ,15.5,16.5,15.5,16.15,16.1,15.5,98459,1600551.85,13-APR-2015,397,INE424C01010
452,GIPCL,EQ,84.75,89.25,84.75,88.0,89.2,84.75,74390,6508254.6,13-APR-2015,1073,INE162A01010
453,GISOLUTION,BE,2.8,2.8,2.8,2.8,2.8,2.9,160,448.0,13-APR-2015,4,INE065J01016
454,GITANJALI,EQ,47.0,48.5,46.6,46.85,46.9,46.6,566126,26761839.15,13-APR-2015,4046,INE346H01014
455,GKWLIMITED,EQ,652.4,652.4,615.0,627.6,620.0,650.9,3165,1972080.6,13-APR-2015,28,INE528A01020
456,GLAXO,EQ,3315.0,3371.9,3286.65,3349.75,3361.0,3314.3,9818,32788779.0,13-APR-2015,1493,INE159A01016
457,GLENMARK,EQ,872.9,921.0,862.1,917.7,917.05,871.35,2000624,1791064063.45,13-APR-2015,72452,INE935A01035
458,GLFL,EQ,2.2,2.2,2.2,2.2,2.2,2.0,187,411.4,13-APR-2015,1,INE540A01017
459,GLOBALVECT,EQ,46.05,50.1,46.0,48.45,48.4,46.4,30062,1464499.35,13-APR-2015,303,INE792H01019
460,GLOBOFFS,EQ,689.7,697.5,666.5,672.35,669.0,680.85,88255,60206954.8,13-APR-2015,3479,INE446C01013
461,GLOBUSSPR,EQ,52.25,53.7,52.15,53.3,53.15,52.7,40660,2157410.9,13-APR-2015,648,INE615I01010
462,GLODYNE,BZ,1.55,1.55,1.55,1.55,1.55,1.6,2330,3611.5,13-APR-2015,7,INE932G01021
463,GMBREW,EQ,115.0,117.2,115.0,115.95,117.0,115.1,19440,2260540.85,13-APR-2015,391,INE075D01018
464,GMDCLTD,EQ,119.45,119.8,115.8,117.15,117.5,117.85,136410,16026125.6,13-APR-2015,3235,INE131A01031
465,GMRINFRA,EQ,18.8,19.25,18.25,18.6,18.55,18.8,20173073,379841073.9,13-APR-2015,27470,INE776C01039
466,GNFC,EQ,75.15,77.45,75.0,75.25,75.2,74.75,69382,5270447.15,13-APR-2015,1001,INE113A01013
467,GOACARBON,EQ,76.5,78.7,75.55,76.65,76.6,76.15,21639,1666666.05,13-APR-2015,353,INE426D01013
468,GODFRYPHLP,EQ,474.45,481.5,472.15,479.0,473.0,477.4,6546,3131983.15,13-APR-2015,331,INE260B01028
469,GODREJCP,EQ,1206.9,1238.0,1200.0,1226.15,1225.0,1196.6,208421,254199394.1,13-APR-2015,24295,INE102D01028
470,GODREJIND,EQ,382.0,385.0,374.4,381.6,380.25,382.25,261546,99482224.65,13-APR-2015,7965,INE233A01035
471,GODREJPROP,EQ,274.05,277.4,270.5,274.25,274.0,273.25,56950,15627417.1,13-APR-2015,1487,INE484J01027
472,GOENKA,BZ,1.55,1.55,1.55,1.55,1.55,1.5,201,311.55,13-APR-2015,2,INE516K01024
473,GOKEX,EQ,50.55,51.4,49.55,50.85,51.25,49.45,30302,1530936.05,13-APR-2015,326,INE887G01027
474,GOKUL,EQ,15.9,15.9,15.5,15.8,15.8,15.7,1555,24658.6,13-APR-2015,10,INE020J01029
475,GOLDBEES,EQ,2439.0,2453.0,2431.2,2436.05,2433.0,2433.65,6812,16625586.8,13-APR-2015,1268,INF732E01102
476,GOLDENTOBC,EQ,50.7,54.25,48.05,49.35,49.4,47.2,293194,14946184.15,13-APR-2015,3756,INE973A01010
477,GOLDIAM,EQ,24.55,25.0,24.55,25.0,25.0,24.8,1350,33695.5,13-APR-2015,7,INE025B01017
478,GOLDINFRA,EQ,16.0,16.2,15.7,15.8,15.85,16.0,4512,71919.5,13-APR-2015,21,INE260D01016
479,GOLDSHARE,EQ,2435.0,2441.8,2425.0,2429.15,2428.0,2438.4,1004,2444352.05,13-APR-2015,198,INF789F01059
480,GOLDTECH,EQ,5.5,6.5,5.5,6.15,6.5,5.6,4149,25203.5,13-APR-2015,18,INE805A01014
481,GOODLUCK,EQ,86.75,89.5,86.65,86.9,87.2,85.6,304884,26861782.5,13-APR-2015,2407,INE127I01024
482,GPIL,EQ,109.0,126.9,108.8,118.8,118.2,108.1,138672,16603330.3,13-APR-2015,3312,INE177H01013
483,GPPL,EQ,249.0,251.05,246.45,247.1,246.5,248.4,265918,66170260.05,13-APR-2015,14389,INE517F01014
484,GRANULES,EQ,93.55,96.85,92.05,95.1,94.85,93.1,2430816,229940887.15,13-APR-2015,17339,INE101D01020
485,GRAPHITE,EQ,87.7,87.7,85.25,85.6,85.7,86.5,49969,4318463.95,13-APR-2015,720,INE371A01025
486,GRASIM,EQ,3791.05,3800.0,3747.05,3780.5,3786.15,3792.7,28531,107805119.55,13-APR-2015,3459,INE047A01013
487,GRAVITA,EQ,43.9,44.4,43.0,43.4,43.35,42.9,163029,7083538.8,13-APR-2015,871,INE024L01027
488,GREAVESCOT,EQ,136.0,136.95,135.0,136.15,136.0,135.9,102263,13895278.75,13-APR-2015,1443,INE224A01026
489,GREENFIRE,EQ,0.5,0.5,0.5,0.5,0.5,0.5,1700,850.0,13-APR-2015,4,INE217G01027
490,GREENLAM,EQ,448.0,455.05,441.0,449.9,450.0,440.0,3984,1796156.7,13-APR-2015,126,INE544R01013
491,GREENPLY,EQ,1035.9,1093.95,1024.0,1036.4,1035.0,1029.7,19383,20717470.7,13-APR-2015,897,INE461C01020
492,GREENPOWER,EQ,15.3,15.55,15.25,15.35,15.4,15.3,174247,2687253.4,13-APR-2015,458,INE999K01014
493,GRINDWELL,EQ,735.0,735.05,721.15,729.15,729.95,731.65,7513,5485335.4,13-APR-2015,280,INE536A01023
494,GRPLTD,EQ,1138.0,1138.9,1070.0,1101.55,1090.0,1124.5,859,945477.45,13-APR-2015,18,INE137I01015
495,GRUH,EQ,256.4,259.8,252.95,258.6,259.5,255.45,761943,195902937.9,13-APR-2015,8873,INE580B01029
496,GSCLCEMENT,EQ,26.3,27.1,26.2,26.4,26.35,26.45,16638,442273.1,13-APR-2015,198,INE542A01039
497,GSFC,EQ,86.25,87.75,84.75,86.15,85.85,86.0,523538,45217687.45,13-APR-2015,4350,INE026A01025
498,GSKCONS,EQ,6299.95,6299.95,6191.0,6285.65,6275.0,6299.95,11707,73265226.9,13-APR-2015,3995,INE264A01014
499,GSLNOVA,EQ,1.55,1.55,1.55,1.55,1.55,1.6,5000,7750.0,13-APR-2015,2,INE787A01022
500,GSPL,EQ,119.95,123.2,119.6,122.0,122.0,118.85,537957,65725261.85,13-APR-2015,5636,INE246F01010
501,GSS,EQ,18.35,19.45,18.05,18.2,18.65,19.0,19260,357561.1,13-APR-2015,116,INE871H01011
502,GTL,EQ,15.4,16.1,15.4,15.8,15.85,15.5,171130,2723358.05,13-APR-2015,813,INE043A01012
503,GTLINFRA,EQ,2.45,2.55,2.4,2.45,2.4,2.45,1030004,2555115.05,13-APR-2015,473,INE221H01019
504,GTNIND,EQ,10.2,11.6,9.45,11.2,11.25,11.1,2316,24382.9,13-APR-2015,12,INE537A01013
505,GTNTEX,EQ,9.8,9.8,9.4,9.7,9.7,9.75,2101,20379.8,13-APR-2015,5,INE302H01017
506,GTOFFSHORE,EQ,64.4,65.85,62.9,64.2,64.0,63.75,68570,4420311.35,13-APR-2015,883,INE892H01017
507,GUFICBIO,EQ,16.55,17.5,16.55,16.95,17.0,16.8,32637,559576.95,13-APR-2015,358,INE742B01025
508,GUJALKALI,EQ,189.85,190.3,186.0,186.15,186.05,186.85,29364,5498158.05,13-APR-2015,1230,INE186A01019
509,GUJAPOLLO,EQ,132.25,153.4,129.4,151.0,148.5,132.55,130791,19526046.3,13-APR-2015,2099,INE826C01016
510,GUJFLUORO,EQ,709.8,709.85,687.3,696.45,707.0,704.4,1093062,757583094.3,13-APR-2015,3440,INE538A01037
511,GUJNRECOKE,EQ,6.1,6.1,5.8,5.85,5.8,6.0,2103600,12460375.85,13-APR-2015,1534,INE110D01013
512,GUJNREDVR,EQ,3.0,3.3,3.0,3.25,3.25,3.15,14367,46281.8,13-APR-2015,52,IN9110D01011
513,GUJRATGAS,EQ,677.95,681.7,661.0,666.75,666.0,674.95,137293,91918673.55,13-APR-2015,4582,INE374A01029
514,GULFCORP,EQ,168.5,171.0,165.15,170.45,171.0,169.95,21330,3626256.75,13-APR-2015,401,INE077F01035
515,GULFOILLUB,EQ,486.7,499.0,483.0,485.05,483.0,487.15,6663,3253824.85,13-APR-2015,406,INE635Q01029
516,GULPOLY,EQ,325.0,344.9,325.0,330.85,327.8,327.95,7674,2562266.35,13-APR-2015,383,INE255D01016
517,GVKPIL,EQ,9.8,10.0,9.6,9.65,9.7,9.7,5252194,51604557.95,13-APR-2015,3974,INE251H01024
518,HANUNG,EQ,18.55,19.0,18.3,18.75,18.7,18.55,55884,1040210.45,13-APR-2015,416,INE648H01013
519,HARITASEAT,EQ,194.8,194.8,188.0,188.5,190.0,186.3,5095,968480.0,13-APR-2015,63,INE939D01015
520,HARRMALAYA,EQ,52.35,53.6,51.9,52.0,52.15,51.95,24647,1301405.9,13-APR-2015,278,INE544A01019
521,HATHWAY,EQ,54.8,57.0,54.5,56.05,56.25,54.8,143838,8086486.25,13-APR-2015,930,INE982F01036
522,HATSUN,EQ,317.9,317.9,316.0,316.0,316.0,316.05,8943,2826538.05,13-APR-2015,64,INE473B01035
523,HAVELLS,EQ,292.95,297.25,290.15,293.9,293.85,292.5,1028282,302983069.7,13-APR-2015,17386,INE176B01034
524,HBLPOWER,EQ,61.45,64.1,61.4,62.0,61.95,61.15,1163977,72903113.3,13-APR-2015,5674,INE292B01021
525,HBSTOCK,EQ,13.0,13.0,11.85,11.9,12.0,11.25,1374,16929.4,13-APR-2015,27,INE550B01014
526,HCC,EQ,35.25,35.7,33.95,34.15,34.2,35.3,4185858,145162888.8,13-APR-2015,12688,INE549A01026
527,HCIL,EQ,22.0,22.9,21.85,22.0,21.85,23.0,55067,1218658.85,13-APR-2015,367,INE019C01026
528,HCL-INSYS,EQ,58.65,60.25,57.7,58.25,58.1,58.2,3351493,197509829.1,13-APR-2015,15182,INE236A01020
529,HCLTECH,EQ,967.9,978.5,955.0,976.05,975.75,967.25,1549571,1503341486.25,13-APR-2015,55712,INE860A01027
530,HDFC,EQ,1299.9,1312.0,1291.2,1305.25,1301.85,1290.35,2030711,2648803226.25,13-APR-2015,69530,INE001A01036
531,HDFCBANK,EQ,1040.0,1046.3,1034.8,1038.8,1039.0,1042.65,1140809,1186969533.25,13-APR-2015,25972,INE040A01026
532,HDFCMFGETF,EQ,2521.85,2532.95,2509.95,2515.8,2515.0,2512.85,1922,4837710.75,13-APR-2015,208,INF179K01CN1
533,HDIL,EQ,137.4,143.3,137.0,138.55,138.1,136.75,22561612,3176326553.4,13-APR-2015,108850,INE191I01012
534,HEG,EQ,218.65,222.45,218.6,219.95,219.5,219.85,28565,6283807.0,13-APR-2015,688,INE545A01016
535,HEIDELBERG,EQ,78.7,80.85,78.35,80.15,80.15,78.2,189183,15133216.15,13-APR-2015,1460,INE578A01017
536,HELIOSMATH,EQ,61.35,66.0,61.3,66.0,66.0,60.0,998280,63806884.7,13-APR-2015,8576,INE674B01012
537,HERCULES,EQ,199.0,202.8,195.25,197.7,197.9,197.75,41425,8229687.05,13-APR-2015,1139,INE688E01024
538,HERITGFOOD,EQ,328.05,343.3,328.05,337.35,335.95,329.55,66016,22419323.6,13-APR-2015,1767,INE978A01019
539,HEROMOTOCO,EQ,2599.0,2599.0,2565.65,2580.7,2577.0,2583.85,420050,1084098219.85,13-APR-2015,31070,INE158A01026
540,HESTERBIO,EQ,681.55,681.55,681.55,681.55,681.55,649.1,9160,6242998.0,13-APR-2015,135,INE782E01017
541,HEXATRADEX,EQ,27.45,27.45,25.75,25.85,26.25,25.95,6790,178896.6,13-APR-2015,150,INE750M01017
542,HEXAWARE,EQ,333.0,335.75,330.85,333.1,332.5,330.7,646108,215378969.25,13-APR-2015,8939,INE093A01033
543,HFCL,EQ,15.55,16.4,15.55,15.8,15.8,15.6,3082377,49365747.65,13-APR-2015,3909,INE548A01028
544,HGS,EQ,605.5,632.95,595.25,614.65,616.0,610.0,22261,13740840.45,13-APR-2015,1078,INE170I01016
545,HIKAL,EQ,144.3,153.5,144.3,151.35,149.0,143.85,39245,5885294.2,13-APR-2015,755,INE475B01022
546,HIL,EQ,674.75,682.7,656.05,662.4,665.0,667.45,11532,7730593.8,13-APR-2015,627,INE557A01011
547,HILTON,EQ,19.6,19.6,18.3,19.35,19.4,18.55,1901,36220.0,13-APR-2015,31,INE788H01017
548,HIMATSEIDE,EQ,85.6,86.75,84.2,85.65,86.0,85.9,94285,8070931.4,13-APR-2015,1131,INE049A01027
549,HINDALCO,EQ,138.0,138.95,135.1,136.1,137.0,137.9,5017864,683840876.6,13-APR-2015,34936,INE038A01020
550,HINDCOMPOS,EQ,1168.0,1220.0,1155.4,1172.2,1165.0,1194.25,200,238505.4,13-APR-2015,50,INE310C01011
551,HINDCOPPER,EQ,69.7,72.35,69.0,70.2,70.25,69.7,430659,30404097.6,13-APR-2015,3813,INE531E01026
552,HINDDORROL,EQ,16.95,19.85,16.0,19.85,19.85,16.55,180482,3419422.3,13-APR-2015,704,INE551A01022
553,HINDMOTORS,EQ,7.0,7.55,7.0,7.25,7.25,7.2,147828,1076662.3,13-APR-2015,345,INE253A01025
554,HINDNATGLS,EQ,107.0,112.15,106.75,112.1,112.1,111.6,174,19307.15,13-APR-2015,9,INE952A01022
555,HINDOILEXP,EQ,42.75,48.2,42.6,46.95,46.8,42.6,4278636,196396382.75,13-APR-2015,17008,INE345A01011
556,HINDPETRO,EQ,667.2,668.3,652.85,654.4,653.7,662.75,1144890,754703668.7,13-APR-2015,29115,INE094A01015
557,HINDSYNTEX,EQ,9.9,10.5,9.3,10.4,10.4,10.2,3126,30718.5,13-APR-2015,42,INE155B01012
558,HINDUJAFO,EQ,39.2,39.2,35.3,35.75,36.95,37.85,2903,104686.75,13-APR-2015,45,INE291F01016
559,HINDUJAVEN,EQ,457.95,484.9,455.0,474.75,474.5,449.55,57267,27098029.15,13-APR-2015,1940,INE353A01023
560,HINDUNILVR,EQ,931.35,950.95,928.0,949.15,945.0,933.8,1374251,1297374003.15,13-APR-2015,51247,INE030A01027
561,HINDZINC,EQ,174.8,174.8,170.2,170.8,170.8,174.4,802461,138490405.4,13-APR-2015,15618,INE267A01025
562,HIRECT,EQ,73.0,74.7,71.3,72.7,72.75,71.6,7328,531075.55,13-APR-2015,152,INE835D01023
563,HITACHIHOM,EQ,1655.9,1657.0,1582.7,1598.7,1609.0,1639.3,100617,161357225.55,13-APR-2015,8618,INE782A01015
564,HITECHGEAR,EQ,327.0,332.5,313.0,315.2,316.0,325.45,22620,7272317.5,13-APR-2015,1060,INE127B01011
565,HITECHPLAS,EQ,104.15,109.75,103.8,108.25,108.0,104.45,4315,463868.3,13-APR-2015,159,INE120D01012
566,HMT,EQ,47.65,48.3,46.8,47.3,47.25,47.35,199400,9516248.7,13-APR-2015,1404,INE262A01018
567,HMVL,EQ,225.0,227.0,218.05,219.35,219.05,225.0,134841,30100177.4,13-APR-2015,1443,INE871K01015
568,HNGSNGBEES,EQ,2111.0,2325.0,2111.0,2325.0,2325.0,2206.75,81,184110.1,13-APR-2015,23,INF732E01227
569,HOCL,EQ,16.5,19.35,16.05,19.35,19.35,16.15,485205,9057640.0,13-APR-2015,2097,INE048A01011
570,HONAUT,EQ,8600.05,8769.35,8505.1,8548.35,8521.0,8549.1,2052,17613314.6,13-APR-2015,326,INE671A01010
571,HONDAPOWER,EQ,1345.0,1349.0,1301.05,1319.3,1317.0,1329.65,15880,21093908.6,13-APR-2015,914,INE634A01018
572,HOTELEELA,EQ,20.65,20.8,20.15,20.4,20.45,20.3,122307,2502758.1,13-APR-2015,614,INE102A01024
573,HOVS,EQ,159.45,167.65,159.45,166.3,166.0,159.3,91003,14939649.35,13-APR-2015,1411,INE596H01014
574,HSIL,EQ,474.0,474.4,457.0,459.6,457.6,467.2,108479,50382687.55,13-APR-2015,3654,INE415A01038
575,HTMEDIA,EQ,120.0,125.3,119.95,120.85,120.8,119.35,688505,83324452.4,13-APR-2015,2616,INE501G01024
576,HUBTOWN,EQ,100.8,102.45,99.0,100.5,100.6,98.0,33015,3336429.05,13-APR-2015,662,INE703H01016
577,HUDCO,N2,1082.0,1082.0,1082.0,1082.0,1082.0,1081.25,260,281320.0,13-APR-2015,5,INE031A07840
578,HUDCO,N3,1056.0,1062.5,1054.0,1056.27,1062.5,1056.0,154,162667.0,13-APR-2015,8,INE031A07832
579,HUDCO,N5,1030.0,1032.99,1030.0,1031.16,1031.5,1030.4,920,948190.4,13-APR-2015,12,INE031A07865
580,IBREALEST,EQ,72.05,73.4,71.65,72.1,71.85,71.6,4564882,331627322.75,13-APR-2015,14845,INE069I01010
581,IBULHSGFIN,EQ,582.85,585.85,576.0,580.7,579.4,580.5,602911,351000997.1,13-APR-2015,19222,INE148I01020
582,IBVENTURES,EQ,38.1,39.75,38.0,39.5,39.3,37.9,665824,26001036.5,13-APR-2015,1888,INE274G01010
583,IBWSL,EQ,15.4,15.4,14.4,14.65,14.45,14.7,72819,1070653.45,13-APR-2015,325,INE126M01010
584,ICICIBANK,EQ,319.9,319.9,316.0,316.9,317.0,318.3,8009699,2543741157.85,13-APR-2015,91502,INE090A01021
585,ICIL,EQ,453.1,487.0,453.1,475.3,475.5,474.45,12209,5814452.6,13-APR-2015,833,INE483B01018
586,ICNX100,EQ,90.6,90.9,90.6,90.9,90.9,90.7,96,8708.4,13-APR-2015,7,INF109KA1962
587,ICRA,EQ,4712.0,4800.05,4712.0,4783.3,4799.0,4688.65,2963,14144269.05,13-APR-2015,650,INE725G01011
588,ICSA,EQ,3.35,3.5,3.25,3.4,3.3,3.35,27736,94176.2,13-APR-2015,108,INE306B01029
589,IDBI,EQ,76.0,76.65,74.85,75.85,75.8,76.1,1977448,150044545.9,13-APR-2015,9287,INE008A01015
590,IDBIGOLD,EQ,2590.0,2590.0,2518.0,2535.25,2518.0,2538.0,59,150781.8,13-APR-2015,23,INF397L01554
591,IDEA,EQ,195.0,203.6,194.4,202.2,202.95,196.05,7629918,1530229243.0,13-APR-2015,63079,INE669E01016
592,IDFC,EQ,177.3,177.8,174.15,175.25,175.15,176.05,4599695,806780181.3,13-APR-2015,45142,INE043D01016
593,IDFC,IL,180.0,185.0,180.0,185.0,0.0,180.0,270,49200.0,13-APR-2015,3,INE043D01016
594,IFBAGRO,EQ,290.2,294.4,281.05,282.05,282.95,292.65,9999,2863680.8,13-APR-2015,309,INE076C01018
595,IFBIND,EQ,674.9,681.0,665.0,668.85,668.55,672.4,19978,13442788.5,13-APR-2015,727,INE559A01017
596,IFCI,EQ,35.7,36.45,35.6,36.05,35.95,35.7,2444455,88240040.5,13-APR-2015,7612,INE039A01010
597,IFCI,NG,1010.0,1010.0,1010.0,1010.0,1010.0,1010.0,25,25250.0,13-APR-2015,1,INE039A07793
598,IFCI,NH,1050.0,1050.0,1050.0,1050.0,1050.0,1051.0,500,525000.0,13-APR-2015,5,INE039A07801
599,IFCI,NL,990.0,990.0,980.0,985.0,985.0,991.0,100,98285.0,13-APR-2015,5,INE039A07843
600,IFGLREFRAC,EQ,140.0,143.0,139.0,139.45,139.0,139.5,13950,1953249.2,13-APR-2015,186,INE023B01012
601,IGARASHI,EQ,429.0,439.75,425.1,433.75,435.0,424.55,78931,34227857.9,13-APR-2015,2612,INE188B01013
602,IGL,EQ,422.1,437.9,422.1,433.45,433.65,422.65,355241,153526709.35,13-APR-2015,14179,INE203G01019
603,IGOLD,EQ,2540.0,2694.6,2502.75,2508.85,2502.8,2509.0,436,1102190.7,13-APR-2015,32,INF109K01FV4
604,IGPL,EQ,71.75,72.0,69.5,70.5,70.7,67.0,67145,4737784.15,13-APR-2015,445,INE204A01010
605,IIFL,EQ,177.35,180.0,175.75,177.85,178.0,177.35,38334,6830327.2,13-APR-2015,1289,INE530B01024
606,IIFLFIN,N4,1020.0,1020.0,1018.0,1018.0,1018.0,1017.62,2597,2644785.5,13-APR-2015,21,INE866I07230
607,IIFLFIN,N5,1060.0,1063.8,1055.0,1063.46,1063.8,1059.6,2980,3155584.0,13-APR-2015,84,INE866I08139
608,IIFLFIN,N6,1034.0,1034.0,1034.0,1034.0,1034.0,1031.81,302,312268.0,13-APR-2015,9,INE866I08147
609,IIFLFIN,N7,1370.0,1370.0,1355.0,1355.01,1355.01,1375.0,127,172685.82,13-APR-2015,5,INE866I08154
610,IIFLFIN,N8,1036.0,1040.0,1030.14,1032.76,1033.3,1034.9,1476,1525165.13,13-APR-2015,25,INE866I07578
611,IIFLFIN,,1043.94,1044.0,1038.12,1038.12,1038.12,1040.63,1209,1258521.86,13-APR-2015,18,INE866I07594
612,IIFLFIN,NB,1020.0,1020.0,1020.0,1020.0,1020.0,1010.0,30,30600.0,13-APR-2015,1,INE866I07602
613,IIFLNIFTY,EQ,905.05,905.05,905.0,905.0,905.0,898.07,27,24435.45,13-APR-2015,3,INF579M01019
614,IIHFL,N1,1018.9,1030.0,1018.85,1029.12,1030.0,1024.35,1612,1651142.06,13-APR-2015,53,INE477L07040
615,IIHFL,N2,1042.0,1044.19,1042.0,1042.32,1042.05,1042.8,982,1024121.61,13-APR-2015,26,INE477L08014
616,IIHFL,N3,1124.99,1124.99,1121.0,1124.01,1124.01,1124.99,120,134714.6,13-APR-2015,5,INE477L08022
617,IITL,EQ,78.8,78.9,78.8,78.9,78.9,79.65,600,47290.0,13-APR-2015,2,INE886A01014
618,IL&FSENGG,EQ,97.55,102.9,96.35,99.05,99.0,98.15,359979,35909169.25,13-APR-2015,2890,INE369I01014
619,IL&FSTRANS,EQ,195.25,198.0,195.25,196.0,195.9,194.75,84284,16602001.2,13-APR-2015,1249,INE975G01012
620,IMFA,EQ,233.7,269.75,232.2,246.25,243.1,228.5,114149,28618783.05,13-APR-2015,3532,INE919H01018
621,IMPAL,EQ,695.8,718.0,695.8,714.9,710.0,697.9,1474,1047995.95,13-APR-2015,117,INE547E01014
622,IMPEXFERRO,EQ,2.55,2.55,2.3,2.45,2.45,2.35,21322,52260.8,13-APR-2015,45,INE691G01015
623,INDBANK,EQ,11.5,11.9,11.05,11.45,11.5,11.6,14103,162567.75,13-APR-2015,94,INE841B01017
624,INDHOTEL,D1,104.0,107.3,100.0,101.58,101.5,104.0,58883,6061013.47,13-APR-2015,218,INE053A08081
625,INDHOTEL,EQ,111.85,114.15,111.05,111.9,111.5,111.85,467910,52692032.65,13-APR-2015,2924,INE053A01029
626,INDIACEM,EQ,108.0,110.0,107.05,108.3,108.6,108.15,2410161,262041058.45,13-APR-2015,11976,INE383A01012
627,INDIAGLYCO,EQ,96.7,98.5,96.7,97.2,96.8,96.35,52168,5098807.15,13-APR-2015,1270,INE560A01015
628,INDIANB,EQ,169.7,171.45,169.35,169.85,169.5,169.85,40183,6847652.75,13-APR-2015,928,INE562A01011
629,INDIANCARD,EQ,116.85,123.7,116.15,117.0,117.0,117.35,3180,380064.15,13-APR-2015,15,INE061A01014
630,INDIANHUME,EQ,315.05,319.95,314.05,316.85,315.9,314.8,13770,4375886.35,13-APR-2015,303,INE323C01030
631,INDLMETER,EQ,80.0,83.0,80.0,81.9,82.95,80.5,1754,143437.0,13-APR-2015,21,INE065B01013
632,INDNIPPON,EQ,469.1,488.0,451.0,464.1,467.0,469.8,9805,4571250.85,13-APR-2015,326,INE092B01017
633,INDOCO,EQ,380.0,380.45,372.05,379.5,377.1,379.55,37348,14140400.4,13-APR-2015,889,INE873D01024
634,INDORAMA,EQ,20.15,21.9,20.15,21.55,21.8,20.05,104627,2223994.7,13-APR-2015,433,INE156A01020
635,INDOSOLAR,EQ,17.6,20.25,17.4,18.9,18.9,17.4,5043322,97136636.05,13-APR-2015,9674,INE866K01015
636,INDOTECH,EQ,172.05,175.0,169.3,171.5,173.45,171.2,4055,698961.35,13-APR-2015,178,INE332H01014
637,INDOTHAI,EQ,16.0,16.4,15.75,16.1,16.1,16.5,887,14193.8,13-APR-2015,10,INE337M01013
638,INDOWIND,BE,5.25,5.25,5.0,5.2,5.25,5.0,85956,443354.45,13-APR-2015,125,INE227G01018
639,INDRAMEDCO,EQ,64.0,64.6,62.8,63.55,63.25,63.55,67610,4302996.35,13-APR-2015,492,INE681B01017
640,INDSWFTLAB,EQ,38.05,38.9,37.0,38.65,38.4,37.15,381755,14522718.9,13-APR-2015,1857,INE915B01019
641,INDSWFTLTD,BE,7.1,7.1,6.55,6.8,6.8,6.8,9705,67325.5,13-APR-2015,36,INE788B01028
642,INDTERRAIN,EQ,687.85,744.0,680.45,705.15,701.7,679.15,13705,9796477.4,13-APR-2015,1293,INE611L01013
643,INDUSINDBK,EQ,948.0,954.9,940.5,949.75,947.15,945.25,847695,804379490.85,13-APR-2015,21808,INE095A01012
644,INFINITE,EQ,306.95,322.7,302.0,310.75,311.9,296.25,940590,294108077.75,13-APR-2015,18124,INE486J01014
645,INFOMEDIA,EQ,3.15,4.2,3.15,4.2,4.2,3.5,120571,487780.6,13-APR-2015,252,INE669A01022
646,INFRABEES,EQ,342.0,345.0,337.62,343.56,344.9,339.69,1114,382640.29,13-APR-2015,35,INF732E01268
647,INFRATEL,EQ,376.55,386.5,374.0,385.25,384.95,376.55,1103858,423542462.95,13-APR-2015,60065,INE121J01017
648,INFY,EQ,2238.0,2244.0,2216.1,2238.8,2231.0,2233.95,1218084,2723274133.8,13-APR-2015,44676,INE009A01021
649,INGERRAND,EQ,1084.95,1110.05,1070.05,1074.9,1070.05,1076.75,13698,14842855.8,13-APR-2015,1030,INE177A01018
650,INGVYSYABK,EQ,1024.8,1041.0,1011.7,1031.8,1030.0,1019.5,279471,287953504.45,13-APR-2015,5092,INE166A01011
651,INIFTY,EQ,91.0,91.25,91.0,91.25,91.25,90.75,1106,100755.0,13-APR-2015,30,INF109K012R6
652,INNOIND,EQ,14.5,15.0,13.25,13.25,13.25,14.7,215245,2976499.35,13-APR-2015,798,INE549I01011
653,INOXLEISUR,EQ,175.25,178.0,174.35,176.9,177.15,175.25,402316,70892747.3,13-APR-2015,1266,INE312H01016
654,INOXWIND,EQ,437.5,442.75,423.6,430.25,429.5,439.6,1636434,707840057.15,13-APR-2015,41176,INE066P01011
655,INSECTICID,EQ,914.95,916.9,892.0,897.2,895.9,909.85,45051,40578908.8,13-APR-2015,2331,INE070I01018
656,INTEGRA,EQ,2.35,2.35,2.35,2.35,2.35,2.4,85,199.75,13-APR-2015,2,INE418N01027
657,INTELLECT,EQ,137.65,141.65,133.2,134.55,135.25,137.7,2160885,297761388.35,13-APR-2015,17936,INE306R01017
658,INVENTURE,EQ,11.2,11.25,11.1,11.25,11.25,11.1,1195,13330.9,13-APR-2015,10,INE878H01016
659,IOB,EQ,45.0,46.25,44.4,46.05,45.95,45.1,1296908,59269519.6,13-APR-2015,9843,INE565A01014
660,IOC,EQ,372.0,382.0,372.0,376.95,376.8,375.05,706863,267415998.55,13-APR-2015,11266,INE242A01010
661,IOLCP,EQ,30.0,30.0,28.6,29.0,29.0,29.1,41570,1199856.05,13-APR-2015,202,INE485C01011
662,IPAPPM,EQ,338.0,349.0,332.0,336.7,336.0,336.95,172182,58998338.15,13-APR-2015,3158,INE435A01028
663,IPCALAB,EQ,662.8,680.0,657.4,670.95,672.0,660.4,421501,282747031.35,13-APR-2015,11537,INE571A01020
664,IRB,EQ,259.9,263.1,255.35,256.5,257.3,260.1,1635136,423074741.75,13-APR-2015,19725,INE821I01014
665,IREDA,N2,1180.0,1180.0,1063.0,1063.0,1063.0,1163.5,4,4487.0,13-APR-2015,3,INE202E07120
666,IREDA,N3,1050.0,1050.0,1050.0,1050.0,1050.0,905.6,1,1050.0,13-APR-2015,1,INE202E07146
667,IREDA,N6,1120.06,1120.06,1120.06,1120.06,1120.06,1180.0,1,1120.06,13-APR-2015,1,INE202E07153
668,IRFC,N2,1109.99,1109.99,1109.99,1109.99,1109.99,1105.0,20,22199.8,13-APR-2015,1,INE053F07538
669,IRFC,N3,1035.0,1035.0,1035.0,1035.0,1035.0,1032.0,801,829035.0,13-APR-2015,2,INE053F07561
670,IRFC,N4,1047.0,1047.0,1047.0,1047.0,1047.0,1041.01,21,21987.0,13-APR-2015,3,INE053F07579
671,IRFC,N9,1099.99,1099.99,1081.0,1099.99,1099.99,1079.99,116,127219.04,13-APR-2015,6,INE053F07678
672,IRFC,,1144.97,1144.97,1115.01,1121.0,1121.0,1126.96,32,35835.07,13-APR-2015,4,INE053F07686
673,IRFC,NE,1160.0,1160.0,1160.0,1160.0,1160.0,1155.01,300,348000.0,13-APR-2015,3,INE053F07744
674,ISFT,EQ,303.35,303.35,280.0,285.4,285.0,288.95,35979,10556351.35,13-APR-2015,824,INE566K01011
675,ISMTLTD,EQ,12.2,13.25,12.2,13.0,13.05,11.9,955004,12301477.5,13-APR-2015,3478,INE732F01019
676,ITC,EQ,347.0,352.4,344.85,351.5,351.0,346.65,7261102,2539857206.6,13-APR-2015,87693,INE154A01025
677,ITDCEM,EQ,797.2,826.0,773.55,784.55,780.0,808.6,21403,17066312.7,13-APR-2015,1280,INE686A01018
678,ITI,EQ,24.5,25.2,24.3,24.45,24.3,24.4,166874,4134356.05,13-APR-2015,996,INE248A01017
679,IVC,EQ,19.3,19.3,18.85,19.1,19.25,18.85,220305,4202578.2,13-APR-2015,305,INE050B01023
680,IVP,EQ,50.65,56.95,50.65,52.25,52.0,50.9,6184,328193.9,13-APR-2015,31,INE043C01018
681,IVRCLINFRA,EQ,16.9,17.0,16.3,16.45,16.4,16.95,2798186,46597373.05,13-APR-2015,4231,INE875A01025
682,J&KBANK,EQ,103.85,104.0,101.1,101.7,101.9,103.3,595486,60813789.2,13-APR-2015,17621,INE168A01041
683,JAGRAN,EQ,127.85,127.85,125.3,125.7,125.45,127.0,59999,7577326.5,13-APR-2015,1148,INE199G01027
684,JAGSNPHARM,EQ,33.05,33.65,32.5,32.8,32.65,32.9,40650,1342951.25,13-APR-2015,327,INE048B01027
685,JAIBALAJI,EQ,13.7,14.1,13.5,13.8,13.65,13.7,5364,73940.9,13-APR-2015,41,INE091G01018
686,JAICORPLTD,EQ,66.85,67.9,65.9,66.6,66.6,66.85,678473,45392440.1,13-APR-2015,4463,INE070D01027
687,JAIHINDPRO,EQ,13.1,13.1,13.05,13.05,13.05,12.9,1424,18643.9,13-APR-2015,7,INE343D01010
688,JAINSTUDIO,BE,5.25,5.25,5.25,5.25,5.25,5.45,80,420.0,13-APR-2015,1,INE486B01011
689,JAMNAAUTO,EQ,225.0,248.4,222.2,226.15,224.45,224.1,56882,12938414.85,13-APR-2015,640,INE039C01016
690,JAYAGROGN,EQ,107.95,109.55,105.55,108.45,108.0,105.0,2809,303738.2,13-APR-2015,60,INE785A01026
691,JAYBARMARU,EQ,154.0,163.9,152.0,160.65,160.05,153.0,55039,8779032.15,13-APR-2015,767,INE571B01028
692,JAYNECOIND,EQ,9.55,10.5,9.55,10.25,10.35,10.0,107792,1109260.5,13-APR-2015,307,INE854B01010
693,JAYSREETEA,EQ,83.35,83.8,80.4,81.4,81.2,82.8,45626,3758712.25,13-APR-2015,728,INE364A01020
694,JBCHEPHARM,EQ,223.95,230.0,223.55,226.6,225.55,223.9,177007,40238198.7,13-APR-2015,3340,INE572A01028
695,JBFIND,EQ,233.3,247.6,232.5,235.35,235.0,233.3,456882,109883341.8,13-APR-2015,6032,INE187A01017
696,JBMA,EQ,255.7,272.0,255.7,269.85,268.65,254.2,135454,36072382.55,13-APR-2015,4049,INE927D01028
697,JCTEL,EQ,0.5,0.55,0.5,0.55,0.55,0.5,23102,12356.1,13-APR-2015,13,INE264B01020
698,JENSONICOL,EQ,7.8,7.8,7.25,7.55,7.5,7.6,164225,1231153.8,13-APR-2015,194,INE819B01021
699,JETAIRWAYS,EQ,488.0,495.0,484.05,486.55,485.0,483.0,924729,452720502.15,13-APR-2015,18349,INE802G01018
700,JHS,BZ,8.95,8.95,8.95,8.95,8.95,8.55,1792,16038.4,13-APR-2015,8,INE544H01014
701,JIKIND,BE,1.0,1.0,1.0,1.0,1.0,1.05,10760,10760.0,13-APR-2015,8,INE026B01049
702,JINDALPHOT,EQ,141.75,144.9,136.0,141.05,140.3,141.75,7242,1029777.4,13-APR-2015,273,INE796G01012
703,JINDALPOLY,EQ,222.9,229.2,222.9,228.2,228.5,222.85,61352,13948070.6,13-APR-2015,1610,INE197D01010
704,JINDALSAW,EQ,69.25,70.3,68.35,68.7,68.9,69.15,717044,49658880.3,13-APR-2015,7686,INE324A01024
705,JINDALSTEL,EQ,156.9,164.9,154.7,158.25,158.0,157.45,7549543,1201130396.1,13-APR-2015,51617,INE749A01030
706,JINDCOT,EQ,10.1,10.4,9.9,10.25,10.15,10.2,44376,450014.2,13-APR-2015,122,INE904J01016
707,JINDRILL,EQ,181.5,182.35,179.0,179.95,180.95,181.8,1326,239568.85,13-APR-2015,56,INE742C01031
708,JINDWORLD,EQ,85.5,98.9,85.5,94.8,94.5,88.15,2500,238070.3,13-APR-2015,129,INE247D01013
709,JISLDVREQS,EQ,42.85,43.15,41.5,42.95,42.75,41.75,22314,953979.25,13-APR-2015,201,IN9175A01010
710,JISLJALEQS,EQ,67.35,68.15,66.6,67.25,67.3,67.0,1551389,104516661.0,13-APR-2015,7032,INE175A01038
711,JKCEMENT,EQ,693.0,699.0,688.4,697.2,699.0,693.1,40055,27885931.25,13-APR-2015,845,INE823G01014
712,JKIL,EQ,686.0,737.0,686.0,724.5,725.0,726.6,6850,4955737.05,13-APR-2015,513,INE576I01014
713,JKLAKSHMI,EQ,371.0,376.5,363.85,364.7,363.9,369.1,141214,52011690.85,13-APR-2015,3954,INE786A01032
714,JKPAPER,EQ,34.05,35.75,33.9,35.5,35.3,34.05,171921,6025166.65,13-APR-2015,619,INE789E01012
715,JKTYRE,EQ,126.0,132.4,125.4,130.8,131.0,125.1,3693237,480621749.65,13-APR-2015,34848,INE573A01042
716,JMA,EQ,192.0,200.0,191.25,197.75,199.0,194.7,2753,544117.05,13-APR-2015,55,INE412C01015
717,JMCPROJECT,EQ,223.7,223.8,211.55,215.1,215.05,221.0,64244,13937951.7,13-APR-2015,1260,INE890A01016
718,JMFINANCIL,EQ,52.0,54.9,51.4,54.65,54.7,51.7,1577614,85283727.65,13-APR-2015,5326,INE780C01023
719,JMTAUTOLTD,EQ,169.5,173.7,163.05,167.65,172.0,170.0,139287,23341441.9,13-APR-2015,463,INE988E01010
720,JOCIL,EQ,113.5,116.45,111.15,116.0,116.25,113.6,10182,1172714.55,13-APR-2015,69,INE839G01010
721,JPASSOCIAT,EQ,26.4,26.55,25.9,26.15,26.1,26.3,11279080,295942384.1,13-APR-2015,14671,INE455F01025
722,JPINFRATEC,EQ,19.4,19.6,19.1,19.15,19.15,19.15,1061562,20455943.5,13-APR-2015,4014,INE099J01015
723,JPOLYINVST,EQ,100.0,103.6,100.0,102.3,102.3,101.25,1692,173531.85,13-APR-2015,32,INE147P01019
724,JPPOWER,EQ,10.8,11.0,10.65,10.8,10.85,10.65,4830785,52226924.05,13-APR-2015,5170,INE351F01018
725,JSL,EQ,38.35,40.9,38.35,39.15,39.0,38.55,547823,21715305.1,13-APR-2015,3191,INE220G01021
726,JSWENERGY,EQ,119.95,120.4,118.7,119.5,119.0,119.85,4842048,579016472.65,13-APR-2015,13328,INE121E01018
727,JSWHL,EQ,1113.05,1165.1,1113.05,1138.2,1131.1,1109.7,12500,14356348.1,13-APR-2015,1708,INE824G01012
728,JSWSTEEL,EQ,952.0,964.0,936.0,942.3,941.4,951.9,635916,601796382.45,13-APR-2015,15922,INE019A01020
729,JSWSTEEL,P2,6.4,7.5,6.4,6.5,6.5,6.5,19002,122711.0,13-APR-2015,34,INE019A04024
730,JUBILANT,EQ,168.95,170.45,168.5,169.6,170.0,169.55,271852,46172201.55,13-APR-2015,2337,INE700A01033
731,JUBLFOOD,EQ,1599.9,1625.0,1588.95,1594.35,1593.0,1608.25,82098,131647405.25,13-APR-2015,4792,INE797F01012
732,JUBLINDS,EQ,86.0,92.1,86.0,88.8,88.1,89.95,3910,352045.65,13-APR-2015,73,INE645L01011
733,JUNIORBEES,EQ,205.0,207.7,203.5,207.24,207.6,204.81,10965,2258269.13,13-APR-2015,206,INF732E01045
734,JUSTDIAL,EQ,1328.8,1335.0,1292.1,1302.5,1299.0,1324.55,195370,255653366.1,13-APR-2015,13895,INE599M01018
735,JVLAGRO,EQ,17.7,18.85,17.7,18.55,18.5,17.55,119803,2209988.2,13-APR-2015,403,INE430G01026
736,JYOTHYLAB,EQ,276.5,280.7,275.15,276.5,277.5,274.65,23349,6500699.35,13-APR-2015,870,INE668F01031
737,JYOTISTRUC,EQ,32.4,33.5,32.0,32.65,32.7,32.3,657167,21534372.05,13-APR-2015,3630,INE197A01024
738,KABRAEXTRU,EQ,75.5,79.3,74.55,78.7,79.25,76.05,17592,1382106.85,13-APR-2015,367,INE900B01029
739,KAJARIACER,EQ,760.0,781.0,748.0,774.25,771.0,759.5,93990,71494399.45,13-APR-2015,3836,INE217B01028
740,KAKATCEM,EQ,122.05,125.7,118.2,124.25,124.2,121.5,12998,1592623.05,13-APR-2015,239,INE437B01014
741,KALINDEE,EQ,134.15,137.8,133.65,135.8,137.0,133.85,141725,19277267.6,13-APR-2015,1572,INE178D01010
742,KALPATPOWR,EQ,229.9,236.0,227.95,234.35,234.05,229.1,186075,43336951.2,13-APR-2015,3715,INE220B01022
743,KALYANIFRG,BE,275.0,275.0,275.0,275.0,275.0,285.0,4,1100.0,13-APR-2015,1,INE314G01014
744,KAMATHOTEL,EQ,65.05,67.0,63.15,66.2,67.0,65.0,1683,108887.7,13-APR-2015,48,INE967C01018
745,KANANIIND,EQ,8.5,8.5,8.0,8.0,8.0,8.05,164,1390.0,13-APR-2015,3,INE879E01037
746,KANORICHEM,EQ,44.8,48.35,44.2,46.5,46.2,44.55,88516,4104435.6,13-APR-2015,1067,INE138C01024
747,KANSAINER,EQ,241.95,243.2,239.15,240.0,240.95,240.1,118389,28472580.3,13-APR-2015,2820,INE531A01024
748,KARMAENG,EQ,22.5,24.0,22.5,22.9,22.9,22.6,734,16811.4,13-APR-2015,6,INE725L01011
749,KARURVYSYA,EQ,547.0,551.55,540.1,543.8,543.0,547.65,90629,49451061.2,13-APR-2015,6356,INE036D01010
750,KAUSHALYA,EQ,7.15,7.75,7.05,7.7,7.7,7.5,19488,143707.2,13-APR-2015,34,INE234I01010
751,KAVVERITEL,EQ,15.8,15.8,13.5,14.7,15.5,14.45,10185,152652.25,13-APR-2015,80,INE641C01019
752,KBIL,EQ,4099.0,4099.0,4000.0,4009.5,4000.0,4008.8,107,434291.3,13-APR-2015,17,INE920K01010
753,KCP,EQ,66.8,68.45,64.5,65.75,65.4,65.85,90899,6051677.1,13-APR-2015,699,INE805C01028
754,KCPSUGIND,EQ,19.1,19.75,19.0,19.1,19.0,19.3,17908,342793.1,13-APR-2015,87,INE790B01024
755,KEC,EQ,97.0,106.85,97.0,104.25,103.5,96.6,4893327,509861918.75,13-APR-2015,39809,INE389H01022
756,KECL,EQ,31.0,31.55,29.6,30.1,30.0,30.55,32630,989577.35,13-APR-2015,211,INE134B01017
757,KEI,EQ,78.2,84.7,77.25,83.5,82.8,78.45,1436405,117199568.6,13-APR-2015,7959,INE878B01027
758,KEMROCK,EQ,25.85,25.85,25.85,25.85,25.85,24.65,5140,132869.0,13-APR-2015,33,INE990B01012
759,KERNEX,BE,42.0,42.0,39.5,39.7,39.6,40.35,10661,425519.7,13-APR-2015,74,INE202H01019
760,KESARENT,EQ,18.65,19.75,18.5,19.45,19.45,18.9,2941,54952.35,13-APR-2015,9,INE133B01019
761,KESORAMIND,EQ,135.7,148.55,135.0,141.9,143.5,134.75,3849622,547900659.0,13-APR-2015,26091,INE087A01019
762,KFA,BZ,1.6,1.6,1.6,1.6,1.6,1.55,73830,118128.0,13-APR-2015,69,INE438H01019
763,KGL,EQ,1.7,1.8,1.7,1.75,1.8,1.7,500338,890394.15,13-APR-2015,124,INE299C01024
764,KHAITANELE,EQ,36.3,38.9,36.0,36.4,36.0,37.6,1657,61068.85,13-APR-2015,43,INE761A01019
765,KHAITANLTD,EQ,6.5,6.5,6.2,6.2,6.2,6.5,1410,8802.0,13-APR-2015,6,INE731C01018
766,KICL,EQ,1910.0,2209.95,1910.0,2164.5,2150.0,2120.8,590,1280706.65,13-APR-2015,141,INE029L01018
767,KIL,EQ,46.5,48.45,46.2,47.75,47.1,45.5,43710,2075573.05,13-APR-2015,209,INE390H01012
768,KILITCH,EQ,36.5,38.25,36.15,37.0,36.8,37.45,7991,296946.7,13-APR-2015,134,INE729D01010
769,KIRIINDUS,EQ,137.0,140.75,134.0,135.65,134.3,137.0,77605,10615366.35,13-APR-2015,967,INE415I01015
770,KIRLOSBROS,EQ,198.05,205.25,198.0,200.5,198.0,200.75,3316,671541.5,13-APR-2015,85,INE732A01036
771,KIRLOSENG,EQ,267.55,273.85,267.55,270.0,270.0,265.2,7090,1917183.6,13-APR-2015,496,INE146L01010
772,KIRLOSIND,EQ,525.0,558.0,508.5,533.65,536.2,544.25,104,55975.35,13-APR-2015,21,INE250A01039
773,KITEX,EQ,808.7,818.45,765.9,773.7,769.9,802.9,255363,201885865.35,13-APR-2015,12125,INE602G01020
774,KKCL,EQ,2001.0,2085.0,2001.0,2010.3,2068.9,2050.85,2193,4410810.5,13-APR-2015,78,INE401H01017
775,KMSUGAR,EQ,2.95,3.05,2.7,2.85,2.8,2.8,39240,112973.1,13-APR-2015,77,INE157H01023
776,KNRCON,EQ,451.0,451.0,436.75,440.95,441.75,447.5,9658,4287675.8,13-APR-2015,506,INE634I01011
777,KOHINOOR,EQ,59.1,59.1,54.5,56.15,56.15,58.6,199603,11315635.8,13-APR-2015,1694,INE080B01012
778,KOKUYOCMLN,EQ,103.0,103.0,96.6,97.35,97.5,101.7,439276,43685924.45,13-APR-2015,5380,INE760A01029
779,KOLTEPATIL,EQ,226.0,229.0,221.55,223.6,221.55,225.85,62958,14205947.4,13-APR-2015,1233,INE094I01018
780,KOPRAN,EQ,54.95,56.9,54.6,55.8,55.5,53.45,948317,52948459.55,13-APR-2015,5577,INE082A01010
781,KOTAKBANK,EQ,1421.95,1453.65,1410.1,1445.6,1447.35,1422.4,813198,1168689203.5,13-APR-2015,36063,INE237A01028
782,KOTAKBKETF,EQ,187.0,188.0,186.0,187.02,187.0,187.62,2290,429202.48,13-APR-2015,22,INF174K01F59
783,KOTAKGOLD,EQ,295.0,295.0,242.6,254.9,254.0,2432.45,39111,10316110.45,13-APR-2015,1287,INF373I01015
784,KOTAKNIFTY,EQ,878.55,884.25,877.0,883.49,883.0,875.93,3541,3122013.01,13-APR-2015,70,INF174K01518
785,KOTAKPSUBK,EQ,368.95,370.6,366.75,368.97,369.0,369.6,4865,1793338.08,13-APR-2015,77,INF373I01023
786,KOTARISUG,EQ,6.8,6.95,6.55,6.85,6.85,6.7,1214,8202.95,13-APR-2015,19,INE419A01022
787,KOTHARIPET,EQ,13.2,13.4,12.05,12.35,12.35,12.3,4846,62023.6,13-APR-2015,22,INE720A01015
788,KOTHARIPRO,EQ,218.55,224.75,218.55,219.7,219.0,226.0,953,210184.25,13-APR-2015,124,INE823A01017
789,KPIT,EQ,180.2,182.6,178.1,179.05,179.15,179.7,676589,122009088.45,13-APR-2015,13652,INE836A01035
790,KPRMILL,EQ,549.95,575.0,540.0,569.2,569.85,549.95,32006,17945904.75,13-APR-2015,1474,INE930H01015
791,KRBL,EQ,189.75,193.4,189.0,191.1,191.05,189.25,217222,41545840.05,13-APR-2015,2676,INE001B01026
792,KSBPUMPS,EQ,686.0,711.0,686.0,695.05,698.15,692.15,31007,21725207.0,13-APR-2015,396,INE999A01015
793,KSCL,EQ,1020.0,1060.0,1014.95,1040.55,1039.0,1014.3,123359,129130017.55,13-APR-2015,4599,INE455I01029
794,KSERASERA,EQ,0.45,0.45,0.4,0.4,0.45,0.4,1589516,641888.95,13-APR-2015,216,INE216D01026
795,KSK,EQ,62.05,63.5,61.7,62.15,61.95,61.9,129150,8042394.95,13-APR-2015,476,INE143H01015
796,KSL,EQ,145.65,150.0,145.6,147.0,146.5,144.5,137567,20353003.05,13-APR-2015,1964,INE907A01026
797,KTIL,EQ,465.0,478.7,455.25,468.35,471.9,455.25,5007,2344165.65,13-APR-2015,349,INE096L01017
798,KTKBANK,EQ,129.05,137.4,128.45,135.6,135.4,128.45,3154391,422412237.05,13-APR-2015,21864,INE614B01018
799,KWALITY,EQ,45.6,47.1,45.0,45.8,45.6,45.45,361794,16696178.5,13-APR-2015,2373,INE775B01025
800,L&TFH,EQ,65.9,66.8,65.65,66.15,66.15,65.55,4034949,267412578.25,13-APR-2015,15147,INE498L01015
801,L&TFINANCE,N3,1705.01,1709.0,1705.01,1708.81,1709.0,1705.0,276,471066.67,13-APR-2015,32,INE523E07442
802,L&TFINANCE,N4,1057.0,1061.0,1056.0,1059.98,1060.0,1061.0,1866,1974767.88,13-APR-2015,38,INE523E07459
803,LAKPRE,EQ,45.0,46.0,43.15,44.15,44.15,43.25,3331,149344.7,13-APR-2015,20,INE651C01018
804,LAKSHMIEFL,EQ,13.9,13.9,12.75,13.0,12.8,13.4,38489,513253.5,13-APR-2015,283,INE992B01026
805,LAKSHVILAS,EQ,107.0,107.75,104.2,105.8,105.15,106.65,437937,46376217.9,13-APR-2015,4994,INE694C01018
806,LAMBODHARA,EQ,157.0,157.0,152.5,154.95,156.0,153.1,6868,1056002.1,13-APR-2015,60,INE112F01014
807,LAOPALA,EQ,477.8,491.0,462.0,477.15,474.0,475.55,131178,62820085.85,13-APR-2015,6530,INE059D01020
808,LAXMIMACH,EQ,4039.0,4050.05,3925.0,3961.9,3970.0,4031.9,1575,6298403.75,13-APR-2015,349,INE269B01029
809,LCCINFOTEC,EQ,0.3,0.3,0.2,0.2,0.2,0.25,10000,2500.0,13-APR-2015,3,INE938A01021
810,LGBBROSLTD,EQ,530.0,530.0,505.1,509.8,505.1,508.4,12208,6353444.05,13-APR-2015,693,INE337A01034
811,LGBFORGE,EQ,6.75,7.0,6.65,6.7,6.7,6.65,107135,725592.4,13-APR-2015,131,INE201J01017
812,LIBERTSHOE,EQ,270.95,274.25,265.95,267.8,269.0,269.9,46521,12587912.5,13-APR-2015,2516,INE557B01019
813,LICHSGFIN,EQ,463.4,464.95,459.1,462.0,461.3,460.85,1101713,509107586.35,13-APR-2015,19721,INE115A01026
814,LICNMFET,EQ,13.92,13.92,13.83,13.92,13.92,13.92,1898,26411.16,13-APR-2015,8,INF767K01MV5
815,LINCPEN,EQ,159.0,164.8,158.4,163.65,163.9,158.95,10298,1681069.1,13-APR-2015,144,INE802B01019
816,LINDEINDIA,EQ,410.9,415.0,405.5,406.55,405.5,408.8,4262,1745340.65,13-APR-2015,174,INE473A01011
817,LIQUIDBEES,EQ,1000.0,1000.01,999.99,999.99,999.99,1000.0,289252,289250098.0,13-APR-2015,1125,INF732E01037
818,LITL,EQ,5.8,5.95,5.7,5.75,5.8,5.75,2630880,15288952.6,13-APR-2015,1341,INE785C01048
819,LLOYDELENG,EQ,230.4,239.8,230.0,233.2,232.35,229.45,275803,64896259.6,13-APR-2015,3881,INE245C01019
820,LML,EQ,7.45,7.7,7.35,7.4,7.4,7.4,165366,1241316.65,13-APR-2015,332,INE862A01015
821,LOGIXMICRO,EQ,52.7,52.7,46.75,47.6,47.0,49.35,81885,4075807.4,13-APR-2015,803,INE848A01014
822,LOKESHMACH,EQ,83.95,92.8,83.05,88.75,89.0,82.85,264963,23645550.4,13-APR-2015,3322,INE397H01017
823,LOTUSEYE,EQ,13.6,14.3,13.35,13.9,13.7,14.0,39453,542172.65,13-APR-2015,116,INE947I01017
824,LOVABLE,EQ,349.2,353.15,343.6,345.2,345.8,348.05,128565,44650418.7,13-APR-2015,3252,INE597L01014
825,LPDC,EQ,3.5,3.65,3.35,3.55,3.65,3.5,5273,18524.1,13-APR-2015,30,INE197J01017
826,LT,EQ,1780.25,1807.0,1771.25,1803.5,1800.6,1764.0,1572209,2816301481.15,13-APR-2015,59267,INE018A01030
827,LUMAXAUTO,EQ,42.45,43.4,40.9,41.6,41.9,40.6,4515,190206.6,13-APR-2015,192,INE547G01019
828,LUMAXIND,EQ,340.05,350.8,336.1,340.9,337.9,339.4,16410,5682968.75,13-APR-2015,378,INE162B01018
829,LUMAXTECH,EQ,305.0,324.95,304.9,312.65,314.8,298.85,23409,7361396.6,13-APR-2015,1146,INE872H01019
830,LUPIN,EQ,1973.9,1992.8,1965.0,1981.5,1983.8,1964.2,1082692,2141312178.85,13-APR-2015,113746,INE326A01037
831,LYKALABS,EQ,55.0,60.7,55.0,59.5,59.65,55.6,176410,10460000.85,13-APR-2015,1367,INE933A01014
832,LYPSAGEMS,EQ,65.3,65.85,63.0,63.25,63.0,65.8,23346,1513003.2,13-APR-2015,265,INE142K01011
833,M&M,EQ,1282.9,1282.9,1241.0,1247.8,1246.45,1286.75,786571,986447959.5,13-APR-2015,35475,INE101A01026
834,M&MFIN,EQ,267.45,270.5,265.6,267.8,267.9,268.8,854466,228522110.8,13-APR-2015,19640,INE774D01024
835,M100,EQ,14.4,14.4,14.01,14.06,14.01,14.22,32626,461051.22,13-APR-2015,38,INF247L01023
836,M50,EQ,83.55,84.85,82.51,83.73,83.75,83.43,25549,2124752.36,13-APR-2015,148,INF247L01536
837,MAANALU,EQ,31.25,33.25,31.25,33.25,33.25,31.0,112,3700.0,13-APR-2015,3,INE215I01019
838,MADHAV,EQ,42.2,42.2,41.15,41.6,41.15,41.15,844,35235.35,13-APR-2015,12,INE925C01016
839,MADHUCON,EQ,59.95,60.8,59.05,59.4,59.45,59.8,148818,8932885.15,13-APR-2015,730,INE378D01032
840,MADRASFERT,EQ,17.9,18.25,17.5,17.55,17.5,17.85,35286,624049.1,13-APR-2015,201,INE414A01015
841,MAGMA,EQ,101.6,107.45,101.5,105.1,105.15,101.85,173164,18086547.05,13-APR-2015,1953,INE511C01022
842,MAGNUM,EQ,3.0,3.25,3.0,3.2,3.2,3.05,9295,28438.25,13-APR-2015,13,INE387I01016
843,MAHABANK,EQ,39.55,40.55,39.55,40.1,40.05,40.05,112137,4500724.3,13-APR-2015,679,INE457A01014
844,MAHINDCIE,EQ,216.4,217.9,213.1,213.9,213.25,214.7,88709,19099486.2,13-APR-2015,1664,INE536H01010
845,MAHLIFE,EQ,500.0,511.0,492.0,508.9,508.55,501.55,26975,13708197.4,13-APR-2015,999,INE813A01018
846,MAHSCOOTER,EQ,895.0,895.0,874.95,885.0,885.0,879.05,240,212067.75,13-APR-2015,44,INE288A01013
847,MAHSEAMLES,EQ,219.0,221.0,200.15,212.55,212.15,217.15,36220,7639560.25,13-APR-2015,923,INE271B01025
848,MAITHANALL,EQ,216.0,218.9,203.0,204.85,206.5,215.55,11924,2484872.55,13-APR-2015,347,INE683C01011
849,MAKE,EQ,2299.95,2308.9,2151.0,2178.9,2180.5,2277.6,266702,591413122.2,13-APR-2015,18670,INE432P01015
850,MALUPAPER,EQ,13.25,13.5,12.8,12.9,12.8,12.8,9465,124447.0,13-APR-2015,30,INE383H01017
851,MANAKALUCO,BE,12.65,12.65,12.65,12.65,12.65,13.3,2365,29917.25,13-APR-2015,6,INE859Q01017
852,MANAKCOAT,BE,12.65,12.65,12.65,12.65,12.65,13.3,5250,66412.5,13-APR-2015,3,INE830Q01018
853,MANAKINDST,BE,12.65,13.95,12.65,13.85,13.85,13.3,30996,403075.25,13-APR-2015,46,INE831Q01016
854,MANAKSIA,EQ,55.5,57.45,55.1,55.5,55.1,56.15,20612,1152079.25,13-APR-2015,370,INE015D01022
855,MANAKSTEEL,BE,17.9,18.5,17.25,18.5,18.5,18.0,8532,155738.4,13-APR-2015,22,INE824Q01011
856,MANALIPETC,EQ,15.7,16.2,15.5,16.05,16.05,15.6,410302,6540489.6,13-APR-2015,799,INE201A01024
857,MANAPPURAM,EQ,34.3,34.95,34.3,34.75,34.75,34.4,468582,16299105.35,13-APR-2015,2192,INE522D01027
858,MANAPPURAM,NG,1045.0,1045.0,1045.0,1045.0,1045.0,1030.0,4,4180.0,13-APR-2015,1,INE522D07727
859,MANDHANA,EQ,278.5,289.9,278.5,284.75,284.05,285.25,8551,2442698.9,13-APR-2015,341,INE087J01010
860,MANGALAM,EQ,29.55,30.75,29.0,30.2,30.1,29.2,86384,2613241.3,13-APR-2015,397,INE584F01014
861,MANGCHEFER,EQ,88.4,88.95,86.7,87.7,87.45,88.45,6800938,598164468.85,13-APR-2015,1751,INE558B01017
862,MANGLMCEM,EQ,294.0,295.7,286.0,289.4,291.35,292.1,61007,17818488.95,13-APR-2015,1022,INE347A01017
863,MANGTIMBER,EQ,10.7,10.75,10.5,10.75,10.75,10.95,601,6360.95,13-APR-2015,7,INE805B01012
864,MANINDS,EQ,56.4,57.5,54.05,56.0,55.8,56.5,88177,4966037.3,13-APR-2015,804,INE993A01026
865,MANINFRA,EQ,45.85,46.2,44.1,44.7,44.35,45.5,612120,27587377.0,13-APR-2015,2587,INE949H01023
866,MANUGRAPH,EQ,35.8,36.95,34.65,36.1,36.45,34.15,12614,450652.05,13-APR-2015,93,INE867A01022
867,MARALOVER,EQ,30.9,31.5,29.7,30.9,31.0,30.0,18086,550088.75,13-APR-2015,104,INE882A01013
868,MARICO,EQ,402.0,404.3,392.6,400.75,400.95,401.5,1038214,413310185.45,13-APR-2015,33762,INE196A01026
869,MARKSANS,EQ,67.65,73.6,67.5,72.3,72.3,67.5,12928005,918739523.35,13-APR-2015,52623,INE750C01026
870,MARUTI,EQ,3661.0,3680.0,3642.75,3665.2,3679.0,3666.6,218690,800284507.05,13-APR-2015,11704,INE585B01010
871,MASTEK,EQ,437.5,464.4,431.5,456.3,456.0,437.35,1498146,679769343.45,13-APR-2015,29655,INE759A01021
872,MAWANASUG,EQ,7.6,7.6,7.2,7.35,7.35,7.1,6242,46023.8,13-APR-2015,41,INE636A01039
873,MAX,EQ,491.5,491.5,462.0,483.15,483.5,490.15,213897,103547154.85,13-APR-2015,7213,INE180A01020
874,MAXWELL,EQ,82.0,85.45,81.45,83.1,82.75,81.6,845864,70797174.45,13-APR-2015,6335,INE450G01024
875,MAYURUNIQ,EQ,448.9,452.7,435.5,438.7,438.0,439.4,92112,40758722.4,13-APR-2015,2247,INE040D01038
876,MBECL,EQ,93.2,96.45,92.85,93.2,93.05,94.95,75579,7129589.9,13-APR-2015,587,INE748A01016
877,MBLINFRA,EQ,623.7,628.8,621.9,626.6,625.1,627.4,12399,7750356.7,13-APR-2015,459,INE912H01013
878,MCDHOLDING,EQ,33.2,34.0,33.2,33.5,33.8,33.3,16990,572293.75,13-APR-2015,167,INE836H01014
879,MCDOWELL-N,EQ,3919.8,3938.0,3850.0,3880.65,3896.0,3902.2,146369,569563147.75,13-APR-2015,17090,INE854D01016
880,MCLEODRUSS,EQ,252.5,258.5,251.4,255.3,254.95,252.55,416818,106666554.6,13-APR-2015,14717,INE942G01012
881,MCX,EQ,1153.0,1184.0,1142.25,1170.8,1167.5,1154.9,538819,629875162.25,13-APR-2015,19024,INE745G01035
882,MEGASOFT,EQ,5.65,5.85,5.4,5.45,5.5,5.45,45796,256762.05,13-APR-2015,173,INE933B01012
883,MEGH,EQ,18.45,18.8,18.0,18.45,18.4,18.45,290220,5356659.5,13-APR-2015,1035,INE974H01013
884,MENONBE,EQ,39.0,44.8,39.0,44.05,44.65,38.0,191041,8157970.15,13-APR-2015,1925,INE071D01033
885,MERCATOR,EQ,19.7,19.9,19.35,19.45,19.45,19.55,452040,8890745.45,13-APR-2015,1135,INE934B01028
886,MERCK,EQ,958.0,968.7,951.0,954.05,959.85,955.35,15454,14826321.5,13-APR-2015,826,INE199A01012
887,METKORE,EQ,9.5,10.1,8.7,9.9,10.05,8.8,38664,366805.9,13-APR-2015,118,INE592I01029
888,MHRIL,EQ,286.0,286.0,276.95,282.65,281.0,282.9,50906,14390018.95,13-APR-2015,609,INE998I01010
889,MIC,EQ,10.25,11.9,9.9,11.5,11.5,10.15,2482173,27858264.45,13-APR-2015,3544,INE287C01029
890,MICROSEC,EQ,84.1,84.25,78.0,83.6,83.6,84.4,43173,3527181.2,13-APR-2015,617,INE019J01013
891,MINDACORP,EQ,88.75,89.95,87.0,89.2,89.5,88.4,2678,236164.5,13-APR-2015,55,INE842C01021
892,MINDAIND,EQ,592.25,615.0,591.0,598.05,595.0,593.1,6484,3910076.7,13-APR-2015,380,INE405E01015
893,MINDTREE,EQ,1530.2,1534.05,1480.2,1484.55,1487.8,1529.45,92619,139029250.75,13-APR-2015,6594,INE018I01017
894,MIRCELECTR,EQ,10.4,10.4,10.1,10.2,10.15,10.15,150662,1542476.7,13-APR-2015,453,INE831A01028
895,MIRZAINT,EQ,95.8,99.2,95.5,97.75,96.75,95.65,794857,77335910.05,13-APR-2015,6576,INE771A01026
896,MITCON,SM,70.0,79.8,69.05,79.8,79.8,66.5,36000,2704800.0,13-APR-2015,18,INE828O01033
897,MMFL,EQ,727.0,727.0,682.95,712.25,705.0,722.75,16731,11964764.7,13-APR-2015,1195,INE227C01017
898,MMTC,EQ,54.9,56.35,54.3,55.2,55.15,54.85,700721,38822335.85,13-APR-2015,4562,INE123F01029
899,MOHITIND,EQ,49.5,56.6,47.5,47.85,47.6,47.4,41859,2043788.15,13-APR-2015,169,INE954E01012
900,MOIL,EQ,286.0,286.5,281.5,282.15,281.5,286.35,29604,8397899.85,13-APR-2015,2516,INE490G01020
901,MOLDTKPAC,EQ,232.6,237.0,220.0,228.35,227.35,232.2,19856,4578248.55,13-APR-2015,390,INE893J01011
902,MOMAI,SM,89.0,95.0,89.0,93.5,93.5,84.0,36800,3399200.0,13-APR-2015,23,INE133R01015
903,MONNETISPA,EQ,55.6,56.6,55.1,55.35,55.25,55.35,223150,12447962.35,13-APR-2015,3419,INE743C01013
904,MONSANTO,EQ,2829.9,2978.0,2820.05,2904.1,2895.0,2815.8,160961,466380377.55,13-APR-2015,6060,INE274B01011
905,MONTECARLO,EQ,552.3,567.05,548.1,553.45,555.0,557.6,37508,21009556.0,13-APR-2015,2500,INE950M01013
906,MORARJEE,EQ,43.55,47.0,43.5,46.35,45.75,43.25,66709,3068746.35,13-APR-2015,240,INE161G01027
907,MOREPENLAB,EQ,14.2,14.5,14.05,14.2,14.25,14.0,1250362,17805164.5,13-APR-2015,2908,INE083A01026
908,MOSERBAER,EQ,12.65,13.15,12.35,13.15,13.15,12.55,2551584,33336074.9,13-APR-2015,3921,INE739A01015
909,MOTHERSUMI,EQ,510.9,513.9,505.5,508.85,508.3,508.8,912481,465673126.45,13-APR-2015,23065,INE775A01035
910,MOTILALOFS,EQ,320.0,320.0,310.0,312.45,311.7,316.9,13727,4304463.05,13-APR-2015,379,INE338I01027
911,MOTOGENFIN,BE,45.25,49.4,45.25,49.4,49.4,47.6,2001,98843.55,13-APR-2015,3,INE861B01015
912,MPHASIS,EQ,393.0,397.0,383.5,385.25,386.0,393.65,80420,31247541.05,13-APR-2015,9203,INE356A01018
913,MPSLTD,EQ,1030.0,1044.4,1018.0,1029.25,1030.0,1021.9,7762,8014090.0,13-APR-2015,486,INE943D01017
914,MRF,EQ,41499.0,41990.0,41300.0,41856.1,41780.0,41326.9,8456,352922192.1,13-APR-2015,3526,INE883A01011
915,MRO-TEK,EQ,18.8,19.4,16.05,16.5,16.45,18.5,98395,1738212.4,13-APR-2015,812,INE398B01018
916,MRPL,EQ,73.95,74.9,72.9,73.25,73.45,73.9,565725,41612643.65,13-APR-2015,2806,INE103A01014
917,MSPL,EQ,15.5,15.65,15.35,15.4,15.35,15.55,5951,91504.2,13-APR-2015,22,INE752G01015
918,MTEDUCARE,EQ,113.15,122.7,112.0,117.1,117.05,110.05,239015,28172581.3,13-APR-2015,3996,INE472M01018
919,MTNL,EQ,21.5,21.6,20.8,21.0,21.05,21.4,780441,16488446.5,13-APR-2015,2591,INE153A01019
920,MUKANDENGG,EQ,30.0,30.75,30.0,30.0,30.0,30.0,3960,119316.3,13-APR-2015,78,INE022B01014
921,MUKANDLTD,EQ,50.4,52.3,50.0,50.7,50.45,50.2,24414,1245876.0,13-APR-2015,278,INE304A01026
922,MUKANDLTD,P1,3.25,3.25,3.25,3.25,3.25,3.5,3,9.75,13-APR-2015,1,INE304A04012
923,MUKTAARTS,EQ,32.95,34.0,31.8,32.35,32.8,33.75,5420,179150.0,13-APR-2015,31,INE374B01019
924,MUNJALAU,EQ,82.7,97.3,82.7,97.3,97.3,81.1,2188732,204630597.75,13-APR-2015,16859,INE672B01032
925,MUNJALSHOW,EQ,196.55,218.5,192.6,206.35,208.0,197.85,394434,82571622.9,13-APR-2015,8744,INE577A01027
926,MURLIIND,BE,4.85,4.85,4.8,4.8,4.8,4.65,19,91.7,13-APR-2015,2,INE806B01028
927,MURUDCERA,EQ,24.55,24.6,23.35,23.8,24.0,24.3,17158,409040.55,13-APR-2015,129,INE692B01014
928,MUTHOOTFIN,EQ,203.3,206.35,194.1,199.55,195.0,203.15,281469,56673377.3,13-APR-2015,3568,INE414G01012
929,MUTHOOTFIN,N6,1078.45,1083.0,1078.45,1083.0,1083.0,1078.5,1270,1371714.75,13-APR-2015,12,INE414G07100
930,MUTHOOTFIN,N9,1032.95,1033.0,1032.95,1033.0,1033.0,1030.0,20,20659.3,13-APR-2015,2,INE414G07225
931,MUTHOOTFIN,,1025.0,1025.0,1020.0,1020.0,1020.0,1020.0,82,83740.0,13-APR-2015,2,INE414G07233
932,MVL,EQ,0.4,0.4,0.35,0.4,0.4,0.4,603756,240733.05,13-APR-2015,52,INE744I01034
933,MYSOREBANK,EQ,494.4,495.0,480.0,485.9,485.25,493.65,4223,2065546.15,13-APR-2015,280,INE651A01020
934,N100,EQ,265.15,275.0,265.05,273.71,272.1,274.35,3398,926651.91,13-APR-2015,87,INF247L01031
935,NAGAROIL,EQ,5.1,5.15,4.85,4.95,5.0,5.15,253421,1256641.95,13-APR-2015,295,INE453M01018
936,NAGREEKCAP,EQ,14.25,14.25,14.25,14.25,14.25,15.0,100,1425.0,13-APR-2015,1,INE245I01016
937,NAGREEKEXP,EQ,23.5,23.5,22.1,22.1,22.1,23.5,2774,63071.35,13-APR-2015,21,INE123B01028
938,NAHARCAP,EQ,71.0,74.0,71.0,73.3,74.0,70.8,2710,196546.0,13-APR-2015,23,INE049I01012
939,NAHARINDUS,EQ,55.25,56.0,54.65,55.9,56.0,56.25,2296,127821.8,13-APR-2015,31,INE289A01011
940,NAHARPOLY,EQ,22.4,24.0,20.7,23.4,24.0,22.9,3256,75366.05,13-APR-2015,26,INE308A01027
941,NAHARSPING,EQ,101.9,105.5,101.0,103.85,105.45,103.45,37379,3848988.4,13-APR-2015,440,INE290A01027
942,NAKODA,EQ,1.5,1.55,1.45,1.5,1.5,1.45,113449,170653.3,13-APR-2015,66,INE559B01023
943,NATCOPHARM,EQ,2499.6,2501.0,2382.2,2397.7,2383.0,2484.2,134855,328187603.5,13-APR-2015,11601,INE987B01018
944,NATHBIOGEN,EQ,137.25,163.0,137.2,157.15,156.0,143.4,23328,3632044.05,13-APR-2015,384,INE448G01010
945,NATIONALUM,EQ,47.5,48.2,47.25,47.45,47.4,47.25,1305566,62096392.9,13-APR-2015,8616,INE139A01034
946,NATNLSTEEL,BE,17.0,17.2,16.9,17.2,17.2,16.75,7995,136405.8,13-APR-2015,35,INE088B01015
947,NAUKRI,EQ,814.5,845.0,807.0,837.5,845.0,799.7,154643,127915679.2,13-APR-2015,6093,INE663F01024
948,NAVINFLUOR,EQ,908.4,925.0,890.05,911.3,909.0,885.3,14415,13149854.75,13-APR-2015,958,INE048G01018
949,NAVNETEDUL,EQ,107.85,109.4,106.15,107.4,107.5,106.0,62296,6724078.9,13-APR-2015,1035,INE060A01024
950,NBCC,EQ,986.5,1009.0,925.9,966.15,965.0,988.65,968920,935731800.3,13-APR-2015,32796,INE095N01015
951,NBVENTURES,EQ,184.05,185.0,179.3,179.75,180.95,181.35,15183,2746998.75,13-APR-2015,338,INE725A01022
952,NCC,EQ,109.1,110.7,106.4,106.7,106.75,108.95,2778069,301471212.9,13-APR-2015,21910,INE868B01028
953,NCLIND,EQ,51.6,54.3,51.6,53.65,54.0,51.4,24995,1331234.45,13-APR-2015,258,INE732C01016
954,NCOPPER,EQ,2.15,2.15,1.9,1.9,1.95,1.95,3715,7236.3,13-APR-2015,10,INE846H01039
955,NDL,EQ,80.6,81.8,74.25,76.55,76.9,80.55,205432,15951273.15,13-APR-2015,2039,INE875G01030
956,NDTV,EQ,141.55,144.9,136.55,137.4,137.7,141.15,396667,55911738.3,13-APR-2015,4014,INE155G01029
957,NECLIFE,EQ,38.4,39.6,38.0,39.0,39.15,38.15,616610,23941050.65,13-APR-2015,4224,INE023H01027
958,NELCAST,EQ,34.3,36.8,33.5,36.2,36.0,33.95,32229,1144041.35,13-APR-2015,2481,INE189I01024
959,NELCO,EQ,85.25,88.0,84.55,85.1,85.0,84.8,119834,10322887.2,13-APR-2015,1610,INE045B01015
960,NEPCMICON,BE,2.7,2.7,2.55,2.6,2.65,2.6,11656,30658.2,13-APR-2015,19,INE588A01016
961,NESCO,EQ,1657.15,1720.0,1655.35,1705.6,1701.0,1649.0,5638,9549555.85,13-APR-2015,703,INE317F01027
962,NESTLEIND,EQ,7119.95,7119.95,7066.2,7098.55,7075.05,7098.5,29502,209437539.1,13-APR-2015,8602,INE239A01016
963,NET4,EQ,3.5,3.5,3.5,3.5,3.5,3.35,90,315.0,13-APR-2015,1,INE553E01012
964,NETWORK18,EQ,63.5,65.0,61.7,62.7,62.55,63.7,2147547,136904797.35,13-APR-2015,8850,INE870H01013
965,NEULANDLAB,EQ,372.1,392.0,372.0,388.05,386.0,370.15,34992,13533712.95,13-APR-2015,879,INE794A01010
966,NEXTMEDIA,EQ,14.7,16.25,14.7,15.45,15.4,14.8,224661,3525037.05,13-APR-2015,992,INE747B01016
967,NEYVELILIG,EQ,78.6,78.9,76.9,77.1,77.0,77.95,129179,10051626.1,13-APR-2015,1121,INE589A01014
968,NFL,EQ,32.9,33.3,32.45,32.65,32.6,32.7,286878,9414256.4,13-APR-2015,2023,INE870D01012
969,NGCT,EQ,1.0,1.05,1.0,1.05,1.05,1.0,42592,43317.0,13-APR-2015,14,INE970N01019
970,NHAI,N1,1105.0,1105.0,1099.5,1099.62,1099.5,1102.56,230,252941.0,13-APR-2015,3,INE906B07CA1
971,NHAI,N2,1130.0,1135.0,1130.0,1131.95,1130.0,1128.79,1025,1159907.5,13-APR-2015,33,INE906B07CB9
972,NHAI,N4,1064.95,1100.0,1064.95,1090.0,1090.0,1115.0,1000,1077780.0,13-APR-2015,10,INE906B07DD3
973,NHAI,N6,1137.5,1141.5,1137.5,1139.75,1138.0,1136.5,2375,2707161.39,13-APR-2015,63,INE906B07DF8
974,NHBTF2014,N6,5998.99,5998.99,5998.99,5998.99,5998.99,5998.99,58,347941.42,13-APR-2015,3,INE557F07132
975,NHBTF2023,N6,5710.0,5725.0,5710.0,5717.05,5717.05,5730.0,19,108736.15,13-APR-2015,5,INE557F07181
976,NHPC,EQ,20.55,21.15,20.55,20.95,21.0,20.65,2532784,53085296.9,13-APR-2015,11233,INE848E01016
977,NHPC,N5,1120.0,1135.0,1120.0,1135.0,1135.0,1210.0,55,61675.0,13-APR-2015,2,INE848E07559
978,NHPC,N6,1180.0,1183.99,1175.2,1180.0,1180.0,1174.89,518,611255.0,13-APR-2015,9,INE848E07567
979,NIBL,EQ,40.0,40.85,38.5,39.95,40.5,40.65,17883,703215.6,13-APR-2015,124,INE047O01014
980,NIFTYBEES,EQ,881.5,885.2,877.95,883.79,884.0,879.75,34280,30187784.43,13-APR-2015,964,INF732E01011
981,NIITLTD,EQ,40.6,41.6,40.3,40.7,41.0,40.1,690689,28310312.3,13-APR-2015,4478,INE161A01038
982,NIITTECH,EQ,373.0,379.0,370.05,372.6,370.05,371.7,17827,6678744.4,13-APR-2015,879,INE591G01017
983,NILKAMAL,EQ,433.3,433.3,424.0,427.25,426.0,429.7,37405,16027926.35,13-APR-2015,1104,INE310A01015
984,NIPPOBATRY,EQ,788.0,788.0,762.0,767.5,762.0,765.9,524,403352.25,13-APR-2015,69,INE567A01010
985,NITCO,EQ,17.95,18.2,17.55,18.1,18.2,17.6,39825,714844.65,13-APR-2015,171,INE858F01012
986,NITESHEST,EQ,15.5,15.5,14.75,14.85,14.8,15.5,296586,4457299.1,13-APR-2015,619,INE639K01016
987,NITINFIRE,EQ,38.0,38.45,37.55,37.7,37.6,37.85,258480,9813904.25,13-APR-2015,1102,INE489H01020
988,NITINSPIN,EQ,39.0,41.45,38.7,39.4,38.9,38.45,620014,24842073.95,13-APR-2015,4800,INE229H01012
989,NMDC,EQ,137.6,139.35,134.4,134.95,135.05,135.2,2255499,308441338.4,13-APR-2015,40916,INE584A01023
990,NOCIL,EQ,42.7,45.2,42.7,44.55,44.6,42.55,2402995,106633325.15,13-APR-2015,8880,INE163A01018
991,NOIDATOLL,EQ,33.5,33.65,32.4,32.8,32.85,33.7,1427775,46764983.35,13-APR-2015,3772,INE781B01015
992,NORBTEAEXP,EQ,7.5,7.5,7.5,7.5,7.5,7.5,114,855.0,13-APR-2015,2,INE369C01017
993,NRBBEARING,EQ,129.85,130.0,127.55,129.3,128.8,129.1,18731,2421826.25,13-APR-2015,324,INE349A01021
994,NSIL,EQ,660.0,677.0,660.0,661.25,661.0,674.05,139,91828.0,13-APR-2015,10,INE023A01030
995,NTPC,EQ,155.7,158.7,153.5,157.3,156.95,155.65,2657574,413643248.6,13-APR-2015,30183,INE733E01010
996,NTPC,N7,12.75,12.8,12.7,12.74,12.75,12.77,1083860,13809229.84,13-APR-2015,261,INE733E07JP6
997,NUCLEUS,EQ,231.0,244.9,231.0,237.2,237.5,230.15,619625,148610842.5,13-APR-2015,9487,INE096B01018
998,NUTEK,EQ,0.55,0.65,0.55,0.6,0.6,0.6,274208,172992.0,13-APR-2015,58,INE318J01027
999,OBEROIRLTY,EQ,304.8,306.95,297.2,301.9,300.25,302.85,180145,54437679.9,13-APR-2015,5263,INE093I01010
1000,OCL,EQ,458.0,458.15,441.0,449.6,445.8,455.75,5806,2622803.45,13-APR-2015,355,INE290B01025
1001,OFSS,EQ,3368.0,3517.0,3368.0,3433.05,3435.0,3352.65,190789,659906535.8,13-APR-2015,16047,INE881D01027
1002,OIL,EQ,470.0,484.0,465.0,481.85,479.1,467.65,410568,195790940.25,13-APR-2015,13148,INE274J01014
1003,OILCOUNTUB,EQ,34.3,34.6,33.65,34.05,34.45,33.9,27972,956255.65,13-APR-2015,252,INE591A01010
1004,OISL,EQ,22.45,23.0,22.2,22.55,22.9,22.2,20886,473904.4,13-APR-2015,117,INE196J01019
1005,OMAXAUTO,EQ,45.5,48.85,45.3,47.9,48.2,46.3,24077,1144786.85,13-APR-2015,129,INE090B01011
1006,OMAXE,EQ,134.65,135.5,132.4,134.75,135.2,134.65,430411,57436741.1,13-APR-2015,5480,INE800H01010
1007,OMKARCHEM,EQ,160.0,161.8,155.1,156.1,155.1,159.8,62506,9931299.55,13-APR-2015,1449,INE474L01016
1008,OMMETALS,EQ,43.35,45.5,43.0,44.7,44.65,43.55,62838,2774769.85,13-APR-2015,667,INE239D01028
1009,OMNITECH,EQ,7.75,7.75,6.6,7.55,7.55,7.05,4806,35306.95,13-APR-2015,36,INE810H01019
1010,ONELIFECAP,EQ,105.95,110.95,104.0,104.9,104.5,106.9,343628,36859814.05,13-APR-2015,4449,INE912L01015
1011,ONGC,EQ,313.5,313.5,310.1,311.85,311.65,309.75,1864743,580989096.7,13-APR-2015,29058,INE213A01029
1012,ONMOBILE,EQ,87.6,94.2,84.4,91.3,91.6,87.75,2742282,248867172.4,13-APR-2015,18421,INE809I01019
1013,ONWARDTEC,EQ,48.5,50.0,47.0,48.1,47.85,49.0,1663,81294.45,13-APR-2015,28,INE229A01017
1014,OPTOCIRCUI,EQ,22.4,22.8,22.1,22.45,22.45,22.2,1307814,29311172.7,13-APR-2015,3135,INE808B01016
1015,ORBITCORP,EQ,13.5,14.3,13.15,13.9,13.8,13.35,1028216,14262755.3,13-APR-2015,2479,INE628H01015
1016,ORBTEXP,EQ,394.95,399.95,378.9,388.6,388.05,391.7,12664,4886656.3,13-APR-2015,360,INE231G01010
1017,ORCHIDCHEM,EQ,58.7,58.7,57.5,57.8,57.85,58.4,378032,22000780.65,13-APR-2015,4381,INE191A01019
1018,ORIENTABRA,EQ,24.6,25.4,24.6,25.25,25.4,24.6,89151,2218351.05,13-APR-2015,112,INE569C01020
1019,ORIENTBANK,EQ,220.75,224.1,218.1,220.7,219.9,220.95,1640564,362955871.65,13-APR-2015,20184,INE141A01014
1020,ORIENTBELL,EQ,164.95,164.95,156.0,159.3,159.95,160.35,19972,3208710.65,13-APR-2015,654,INE607D01018
1021,ORIENTCEM,EQ,186.1,187.0,181.8,182.95,182.2,186.15,85324,15637338.0,13-APR-2015,1395,INE876N01018
1022,ORIENTHOT,EQ,22.0,22.0,20.75,20.95,20.95,20.8,25861,541553.0,13-APR-2015,157,INE750A01020
1023,ORIENTLTD,EQ,71.35,82.5,71.35,82.5,82.5,75.0,300,23317.5,13-APR-2015,4,INE609C01024
1024,ORIENTPPR,EQ,28.4,28.4,27.25,27.9,28.0,28.2,127390,3549265.15,13-APR-2015,386,INE592A01026
1025,ORIENTREF,EQ,97.8,101.9,97.8,100.7,100.95,96.75,29615,2967555.15,13-APR-2015,463,INE743M01012
1026,ORISSAMINE,EQ,3032.3,3345.55,3000.0,3345.55,3345.55,3041.45,55541,182839209.25,13-APR-2015,6291,INE725E01024
1027,ORTEL,EQ,160.0,166.0,157.0,164.0,166.0,157.2,13980,2273478.05,13-APR-2015,148,INE849L01019
1028,OUDHSUG,EQ,19.45,19.7,19.1,19.25,19.1,19.9,3098,60563.95,13-APR-2015,14,INE594A01014
1029,PAEL,EQ,12.95,14.0,12.95,13.75,13.95,12.9,1015,14024.25,13-APR-2015,7,INE766A01018
1030,PAGEIND,EQ,14142.0,14142.0,13704.0,13736.0,13730.0,14141.5,6476,89442752.35,13-APR-2015,1765,INE761H01022
1031,PALRED,EQ,18.0,21.3,17.5,21.25,21.3,17.75,351871,7177311.4,13-APR-2015,1503,INE218G01017
1032,PANACEABIO,EQ,179.9,183.7,164.85,168.35,167.0,176.25,290139,50088244.0,13-APR-2015,6637,INE922B01023
1033,PANAMAPET,EQ,58.1,59.95,58.1,59.0,58.8,59.9,13183,777858.1,13-APR-2015,68,INE305C01029
1034,PANORAMUNI,EQ,11.0,11.7,10.95,11.2,11.2,11.3,4597,51637.1,13-APR-2015,38,INE194B01029
1035,PAPERPROD,EQ,242.6,259.9,242.6,255.25,255.05,239.8,136431,34736787.1,13-APR-2015,2537,INE275B01026
1036,PARABDRUGS,EQ,11.85,12.25,11.0,11.55,11.45,11.15,209712,2518909.05,13-APR-2015,557,INE618H01016
1037,PARACABLES,EQ,3.5,3.55,3.3,3.5,3.55,3.4,29975,103670.2,13-APR-2015,33,INE074B01023
1038,PARASPETRO,BE,0.25,0.3,0.25,0.25,0.25,0.3,16290,4617.5,13-APR-2015,13,INE162C01024
1039,PARRYSUGAR,EQ,18.95,19.25,18.55,18.55,18.55,18.5,2069,39311.2,13-APR-2015,11,INE353B01021
1040,PARSVNATH,EQ,21.35,22.75,21.2,22.25,22.6,21.1,385853,8517525.8,13-APR-2015,1456,INE561H01026
1041,PATELENG,EQ,89.35,92.75,88.3,89.95,89.8,89.35,855144,77589640.55,13-APR-2015,8722,INE244B01030
1042,PATINTLOG,EQ,135.9,137.95,133.3,134.6,135.0,135.0,77667,10517294.85,13-APR-2015,1582,INE529D01014
1043,PATSPINLTD,EQ,7.6,8.25,7.0,7.75,7.7,7.75,1479,11659.35,13-APR-2015,20,INE790C01014
1044,PBAINFRA,EQ,22.25,23.0,22.0,22.15,22.0,21.95,16697,372002.2,13-APR-2015,74,INE160H01019
1045,PCJEWELLER,EQ,360.4,362.0,352.05,358.75,359.0,357.15,128554,45810424.6,13-APR-2015,3540,INE785M01013
1046,PDPL,EQ,25.6,26.35,24.35,24.6,24.5,25.65,20371,507053.2,13-APR-2015,152,INE904D01019
1047,PDSMFL,EQ,174.5,185.0,173.0,175.0,175.0,170.75,5652,989100.1,13-APR-2015,85,INE111Q01013
1048,PDUMJEIND,EQ,13.8,13.8,13.8,13.8,13.8,13.95,50,690.0,13-APR-2015,1,INE105C01023
1049,PDUMJEPULP,EQ,27.1,28.0,26.35,27.8,27.85,26.9,70782,1934101.65,13-APR-2015,251,INE606A01024
1050,PEARLPOLY,EQ,13.35,13.35,13.35,13.35,13.35,14.35,50,667.5,13-APR-2015,1,INE844A01013
1051,PEL,EQ,922.0,994.0,916.25,980.75,993.0,921.35,152715,147390109.35,13-APR-2015,9860,INE140A01024
1052,PENIND,EQ,56.05,57.85,55.45,56.25,56.05,55.75,366477,20706273.0,13-APR-2015,1707,INE932A01024
1053,PENINLAND,EQ,31.1,31.9,30.5,31.45,31.5,30.6,129419,4061685.75,13-APR-2015,668,INE138A01028
1054,PERSISTENT,EQ,786.0,798.5,775.5,778.7,779.95,785.7,109368,85787595.85,13-APR-2015,8525,INE262H01013
1055,PETRONENGG,EQ,262.8,262.9,246.6,247.45,246.7,251.65,1719,432074.1,13-APR-2015,76,INE742A01019
1056,PETRONET,EQ,187.0,188.55,183.6,186.65,188.0,185.95,434601,81032175.65,13-APR-2015,18293,INE347G01014
1057,PFC,EQ,288.0,288.8,283.6,286.6,285.5,287.6,1380748,394951249.55,13-APR-2015,15797,INE134E01011
1058,PFIZER,EQ,2315.25,2345.05,2282.6,2306.4,2308.0,2308.3,8698,20070465.35,13-APR-2015,1297,INE182A01018
1059,PFOCUS,EQ,42.0,42.6,40.6,41.1,41.0,41.5,58853,2446495.85,13-APR-2015,343,INE367G01038
1060,PFRL,EQ,119.0,119.95,118.0,119.0,119.0,118.95,35838,4263639.35,13-APR-2015,125,INE647O01011
1061,PFS,EQ,60.15,61.4,59.85,60.3,60.35,59.95,950391,57581064.05,13-APR-2015,4775,INE560K01014
1062,PGEL,EQ,133.7,135.0,127.0,129.5,129.1,129.2,153008,20075209.75,13-APR-2015,679,INE457L01011
1063,PGHH,EQ,7219.0,7219.0,7105.0,7129.8,7112.0,7149.9,765,5461690.45,13-APR-2015,279,INE179A01014
1064,PGIL,EQ,271.1,283.8,270.0,271.95,271.0,274.9,8174,2245187.7,13-APR-2015,160,INE940H01014
1065,PHILIPCARB,EQ,137.8,140.05,137.0,138.3,137.95,137.55,75117,10399267.55,13-APR-2015,1160,INE602A01015
1066,PHOENIXLL,EQ,103.8,107.8,102.7,106.2,106.45,102.7,79181,8372438.75,13-APR-2015,704,INE455B01016
1067,PHOENIXLTD,EQ,361.1,376.9,359.9,362.5,363.8,360.0,31059,11303023.15,13-APR-2015,2441,INE211B01039
1068,PIDILITIND,EQ,595.95,598.35,586.05,591.55,591.95,595.3,433777,256464730.2,13-APR-2015,18847,INE318A01026
1069,PIIND,EQ,749.9,787.2,705.05,708.75,708.5,698.4,691144,506367986.85,13-APR-2015,17100,INE603J01030
1070,PILIND,EQ,15.9,16.2,14.75,15.5,15.65,14.9,37026,576038.0,13-APR-2015,217,INE600A01027
1071,PIONDIST,EQ,101.25,101.4,93.05,94.3,94.0,96.75,10654,1010730.55,13-APR-2015,83,INE889E01010
1072,PIONEEREMB,EQ,36.8,36.8,36.8,36.8,36.8,30.7,200951,7394996.8,13-APR-2015,164,INE156C01018
1073,PIPAVAVDOC,EQ,61.95,62.75,61.6,61.95,61.9,61.7,1151207,71517262.55,13-APR-2015,4312,INE542F01012
1074,PIRPHYTO,EQ,57.8,58.25,50.4,52.7,52.4,56.0,98236,5322754.45,13-APR-2015,1080,INE122J01015
1075,PITTILAM,EQ,134.8,138.0,132.0,136.5,136.5,133.15,40557,5504992.2,13-APR-2015,685,INE450D01013
1076,PLASTIBLEN,EQ,237.95,244.8,234.25,236.45,236.05,235.55,13985,3335095.8,13-APR-2015,367,INE083C01022
1077,PLETHICO,EQ,43.95,43.95,40.8,41.75,41.5,42.6,254305,10704976.7,13-APR-2015,1703,INE491H01018
1078,PNB,EQ,163.6,166.9,162.8,165.6,165.55,163.6,3636655,602272290.45,13-APR-2015,30350,INE160A01022
1079,PNBGILTS,EQ,31.0,31.15,30.7,30.85,30.9,30.8,188504,5832463.3,13-APR-2015,603,INE859A01011
1080,PNC,EQ,13.4,13.85,13.4,13.7,13.8,13.75,821,11264.55,13-APR-2015,17,INE392B01011
1081,POCHIRAJU,EQ,54.4,58.9,54.35,55.3,55.0,57.2,246211,13853223.95,13-APR-2015,2080,INE332G01032
1082,POLARIS,EQ,169.55,169.6,164.5,164.9,165.0,169.6,823960,137062189.0,13-APR-2015,17755,INE763A01023
1083,POLYMED,EQ,513.55,553.7,513.55,524.95,522.0,511.5,10810,5706671.05,13-APR-2015,552,INE205C01021
1084,POLYPLEX,EQ,218.0,224.9,217.5,222.05,222.4,216.65,49014,10871699.85,13-APR-2015,1150,INE633B01018
1085,PONNIERODE,EQ,144.7,144.7,144.7,144.7,144.7,142.0,2,289.4,13-APR-2015,1,INE838E01017
1086,POWERGRID,EQ,152.8,155.7,150.75,154.35,155.35,152.7,1242378,190513121.65,13-APR-2015,13383,INE752E01010
1087,PPAP,EQ,99.0,109.0,98.0,106.65,107.0,100.6,6324,673185.9,13-APR-2015,204,INE095I01015
1088,PRADIP,EQ,2.05,2.05,2.05,2.05,2.05,2.05,3930,8056.5,13-APR-2015,6,INE495J01015
1089,PRAENG,EQ,7.6,7.6,7.2,7.3,7.4,7.4,17267,127836.5,13-APR-2015,84,INE505C01016
1090,PRAJIND,EQ,69.75,70.3,68.45,68.75,68.7,69.5,311032,21587694.9,13-APR-2015,3561,INE074A01025
1091,PRAKASH,EQ,44.5,44.5,42.75,43.85,43.85,43.35,529831,23169017.9,13-APR-2015,3776,INE603A01013
1092,PRAKASHCON,EQ,2.05,2.1,1.9,1.9,2.0,2.0,17615,34709.25,13-APR-2015,26,INE023M01027
1093,PRAKASHSTL,EQ,129.0,130.0,126.5,126.7,126.6,128.2,15508,1989583.1,13-APR-2015,105,INE696K01016
1094,PRATIBHA,EQ,45.2,47.45,44.55,47.0,47.0,44.7,366440,16938158.65,13-APR-2015,2390,INE308H01022
1095,PRECOT,EQ,59.45,65.0,58.0,65.0,65.0,58.05,4947,301403.45,13-APR-2015,42,INE283A01014
1096,PRECWIRE,EQ,135.25,139.15,130.6,131.65,131.9,135.7,33704,4514328.25,13-APR-2015,936,INE372C01011
1097,PREMIER,EQ,46.05,49.4,46.05,48.3,48.4,46.05,9188,441845.3,13-APR-2015,285,INE342A01018
1098,PREMIERPOL,EQ,13.95,13.95,13.95,13.95,13.95,13.3,300,4185.0,13-APR-2015,1,INE309M01012
1099,PRESSMN,EQ,52.1,53.0,48.15,49.15,48.15,52.0,63672,3201579.85,13-APR-2015,431,INE980A01023
1100,PRESTIGE,EQ,265.8,270.9,263.2,263.85,263.5,265.8,108637,28941886.45,13-APR-2015,4917,INE811K01011
1101,PRICOL,EQ,41.55,43.8,41.25,41.6,41.9,41.25,525895,22248455.95,13-APR-2015,3237,INE605A01026
1102,PRIMESECU,EQ,4.5,4.8,4.5,4.55,4.5,4.55,3447,15854.2,13-APR-2015,27,INE032B01021
1103,PRISMCEM,EQ,122.45,125.9,120.0,120.55,120.6,121.5,297711,36449139.6,13-APR-2015,4104,INE010A01011
1104,PRITHVI,BZ,1.45,1.45,1.45,1.45,1.45,1.5,1,1.45,13-APR-2015,1,INE700C01013
1105,PROVOGE,EQ,5.6,6.5,5.55,6.2,6.25,5.55,282078,1724010.95,13-APR-2015,567,INE968G01033
1106,PROZONINTU,EQ,31.35,32.0,30.2,30.8,31.3,30.9,2605393,80259326.25,13-APR-2015,347,INE195N01013
1107,PSB,EQ,55.4,56.2,54.15,55.05,54.9,53.95,1000206,55167013.4,13-APR-2015,5799,INE608A01012
1108,PSL,BE,13.45,13.5,13.4,13.5,13.5,12.9,19283,260190.5,13-APR-2015,60,INE474B01017
1109,PSUBNKBEES,EQ,395.17,404.0,395.0,400.14,401.45,398.02,6821,2747890.88,13-APR-2015,67,INF732E01110
1110,PTC,EQ,79.45,81.9,79.0,80.75,80.8,78.95,1983425,160153652.7,13-APR-2015,14139,INE877F01012
1111,PTL,EQ,35.95,36.0,34.05,34.45,34.6,35.05,2152,74382.5,13-APR-2015,69,INE034D01031
1112,PUNJABCHEM,EQ,224.9,234.9,220.0,231.65,232.0,222.95,58929,13409466.3,13-APR-2015,1323,INE277B01014
1113,PUNJLLOYD,EQ,33.05,33.4,32.7,32.9,33.15,32.75,721069,23842699.45,13-APR-2015,2952,INE701B01021
1114,PURVA,EQ,74.35,76.3,72.4,75.15,75.1,73.9,198750,14861217.0,13-APR-2015,1867,INE323I01011
1115,PVP,EQ,6.2,6.45,6.0,6.35,6.4,5.9,464941,2917247.7,13-APR-2015,1043,INE362A01016
1116,PVR,EQ,679.8,679.8,661.7,666.9,668.0,668.85,19009,12717792.75,13-APR-2015,903,INE191H01014
1117,QGOLDHALF,EQ,1228.85,1239.8,1228.0,1228.85,1234.0,1225.9,482,594279.25,13-APR-2015,190,INF082J01010
1118,QNIFTY,EQ,925.0,925.0,925.0,925.0,925.0,920.0,16,14800.0,13-APR-2015,2,INF082J01028
1119,RADAAN,EQ,0.6,0.6,0.6,0.6,0.6,0.6,1209,725.4,13-APR-2015,3,INE874F01027
1120,RADICO,EQ,94.7,102.1,93.65,99.55,99.3,94.7,643773,63067257.8,13-APR-2015,5059,INE944F01028
1121,RAIN,EQ,31.75,36.85,31.75,35.55,35.65,31.5,7832788,277542538.15,13-APR-2015,84480,INE855B01025
1122,RAINBOWPAP,EQ,72.65,74.45,71.15,74.2,74.35,73.0,43297,3150575.3,13-APR-2015,239,INE028D01025
1123,RAIREKMOH,EQ,138.1,139.0,138.0,139.0,139.0,139.9,2326,321357.5,13-APR-2015,40,INE313D01013
1124,RAJESHEXPO,EQ,200.4,203.0,197.1,198.2,197.55,199.0,289464,57919463.4,13-APR-2015,4119,INE343B01030
1125,RAJOIL,BE,1.3,1.3,1.25,1.3,1.3,1.25,26980,34637.0,13-APR-2015,35,INE294G01018
1126,RAJRAYON,EQ,0.55,0.6,0.5,0.55,0.55,0.55,22001,12549.65,13-APR-2015,11,INE533D01024
1127,RAJSREESUG,EQ,20.65,20.75,20.0,20.25,20.1,20.85,1864,37929.2,13-APR-2015,29,INE562B01019
1128,RAJTV,EQ,112.15,113.1,111.55,112.3,112.0,112.2,374303,42031515.55,13-APR-2015,1529,INE952H01027
1129,RALLIS,EQ,223.75,233.5,223.75,227.5,227.4,223.25,321169,73885895.7,13-APR-2015,4751,INE613A01020
1130,RAMANEWS,EQ,7.15,7.45,6.9,7.2,7.15,6.85,153442,1109337.0,13-APR-2015,455,INE278B01020
1131,RAMCOCEM,EQ,327.0,328.0,323.05,326.0,326.0,324.8,137812,44895781.8,13-APR-2015,4703,INE331A01037
1132,RAMCOIND,EQ,74.4,80.0,74.1,78.75,78.85,73.9,312194,24162028.55,13-APR-2015,2697,INE614A01028
1133,RAMCOSYS,EQ,669.0,695.0,669.0,691.9,692.0,664.5,21085,14506133.1,13-APR-2015,846,INE246B01019
1134,RAMKY,EQ,40.5,41.7,38.65,40.55,40.5,41.4,39686,1609138.0,13-APR-2015,385,INE874I01013
1135,RAMSARUP,BE,2.0,2.0,2.0,2.0,2.0,2.0,550,1100.0,13-APR-2015,1,INE005D01015
1136,RANASUG,EQ,2.7,2.75,2.65,2.65,2.65,2.6,35143,93804.6,13-APR-2015,66,INE625B01014
1137,RANEENGINE,EQ,560.85,569.0,560.1,560.3,560.1,566.25,113,63327.45,13-APR-2015,9,INE222J01013
1138,RANEHOLDIN,EQ,662.95,668.9,645.05,660.1,667.0,662.95,2630,1728795.45,13-APR-2015,128,INE384A01010
1139,RASOYPR,BE,0.55,0.6,0.55,0.55,0.6,0.6,11376136,6293559.85,13-APR-2015,803,INE904G01038
1140,RATNAMANI,EQ,724.4,728.05,714.0,717.25,720.0,717.65,15141,10862882.15,13-APR-2015,440,INE703B01027
1141,RAYMOND,EQ,481.8,495.0,478.9,491.45,489.85,478.9,225873,110528424.9,13-APR-2015,5714,INE301A01014
1142,RBL,EQ,338.0,359.85,333.45,346.65,346.55,339.95,4564,1594784.75,13-APR-2015,122,INE244J01017
1143,RCF,EQ,69.1,69.95,67.0,67.35,67.1,68.75,681697,46501694.45,13-APR-2015,4794,INE027A01015
1144,RCOM,EQ,72.35,74.2,71.45,73.1,73.25,71.95,14756358,1076678696.45,13-APR-2015,64330,INE330H01018
1145,RECLTD,EQ,343.7,347.9,339.55,341.15,341.65,344.1,2801540,958912706.65,13-APR-2015,27368,INE020B01018
1146,RECLTD,N1,1040.0,1040.0,1040.0,1040.0,1040.0,1030.0,5,5200.0,13-APR-2015,2,INE020B07GW6
1147,RECLTD,N2,1033.0,1033.95,1033.0,1033.89,1033.95,1033.98,170,175762.0,13-APR-2015,2,INE020B07GX4
1148,RECLTD,N8,1080.0,1098.99,1080.0,1098.99,1098.99,1080.0,67,72682.83,13-APR-2015,2,INE020B07HR4
1149,RECLTD,N9,1150.0,1153.0,1145.0,1148.68,1149.0,1147.0,1509,1732354.36,13-APR-2015,32,INE020B07HS2
1150,RECLTD,,1080.1,1090.01,1080.1,1090.01,1090.01,1150.0,300,326506.5,13-APR-2015,6,INE020B07HT0
1151,RECLTD,NF,1184.45,1184.45,1184.45,1184.45,1184.45,1192.0,10,11844.5,13-APR-2015,1,INE020B07IG5
1152,REDINGTON,EQ,128.6,130.8,127.45,128.5,127.5,128.6,142427,18421857.1,13-APR-2015,1863,INE891D01026
1153,REFEX,EQ,10.3,10.6,9.8,10.0,10.0,10.15,2229,22564.25,13-APR-2015,19,INE056I01017
1154,REGENCERAM,BE,3.15,3.15,3.15,3.15,3.15,3.0,375,1181.25,13-APR-2015,3,INE277C01012
1155,REIAGROLTD,EQ,1.0,1.0,0.9,1.0,1.0,0.95,6093636,6015698.55,13-APR-2015,952,INE385B01031
1156,REISIXTEN,EQ,0.5,0.5,0.45,0.45,0.45,0.5,1100,545.0,13-APR-2015,2,INE849J01021
1157,RELAXO,EQ,725.1,737.95,706.0,711.55,713.0,725.0,17259,12330061.1,13-APR-2015,799,INE131B01039
1158,RELBANK,EQ,2021.0,2021.0,2016.45,2017.0,2017.0,2020.4,13,26240.45,13-APR-2015,3,INF733I01028
1159,RELCAPITAL,EQ,455.0,460.2,451.6,456.8,455.3,455.65,1699322,775280476.4,13-APR-2015,29442,INE013A01015
1160,RELCNX100,EQ,90.45,90.45,90.45,90.45,90.45,89.64,11,994.95,13-APR-2015,2,INF204K014N5
1161,RELCONS,EQ,37.0,37.3,37.0,37.3,37.3,35.25,325,12092.5,13-APR-2015,5,INF204KA1LD7
1162,RELDIVOPP,EQ,21.55,21.55,21.5,21.5,21.5,21.9,182,3918.0,13-APR-2015,2,INF204KA1MS3
1163,RELGOLD,EQ,2371.55,2383.5,2355.15,2376.4,2376.0,2368.05,1699,4035284.25,13-APR-2015,170,INF733I01010
1164,RELIANCE,EQ,906.8,924.75,898.75,922.5,922.3,904.35,4612201,4220086513.6,13-APR-2015,163738,INE002A01018
1165,RELIFIN,N1,1002.5,1003.2,1002.5,1003.15,1003.15,1011.99,41,41129.5,13-APR-2015,4,INE958G07783
1166,RELIFIN,N4,1032.5,1032.5,1032.5,1032.5,1032.5,1025.0,20,20650.0,13-APR-2015,1,INE958G07817
1167,RELIFIN,N8,1360.0,1365.0,1360.0,1365.0,1365.0,1360.0,15,20425.0,13-APR-2015,2,INE958G07858
1168,RELIGARE,EQ,367.65,380.0,362.1,377.8,380.0,373.0,38021,14131149.75,13-APR-2015,1583,INE621H01010
1169,RELIGAREGO,EQ,2488.5,2489.05,2478.0,2484.25,2478.0,2500.0,10,24861.2,13-APR-2015,6,INF205K01361
1170,RELINFRA,EQ,475.0,478.5,466.1,471.85,471.5,474.15,1824187,862205953.7,13-APR-2015,39825,INE036A01016
1171,RELNIFTY,EQ,89.01,89.01,87.76,87.76,87.76,89.99,56,4945.88,13-APR-2015,5,INF204KA1EU6
1172,RENUKA,EQ,13.45,13.65,13.25,13.35,13.4,13.4,3086058,41415563.05,13-APR-2015,4595,INE087H01022
1173,REPCOHOME,EQ,690.0,691.05,669.0,672.05,672.05,686.95,76066,51695743.8,13-APR-2015,2152,INE612J01015
1174,REPRO,EQ,401.35,405.0,391.25,399.3,397.2,402.2,7640,3043160.25,13-APR-2015,424,INE461B01014
1175,RESPONIND,EQ,124.0,132.65,122.0,124.85,125.0,126.2,3790,477190.6,13-APR-2015,70,INE688D01026
1176,REVATHI,EQ,360.0,370.0,360.0,369.85,365.05,362.0,114,41853.1,13-APR-2015,6,INE617A01013
1177,RICOAUTO,EQ,53.6,56.0,52.45,53.3,53.4,53.25,1160849,63117470.15,13-APR-2015,5646,INE209B01025
1178,RIIL,EQ,433.8,440.0,431.15,434.6,434.2,432.95,169580,73869196.7,13-APR-2015,4218,INE046A01015
1179,RJL,EQ,100.0,110.4,100.0,107.05,107.5,99.5,97213,10393652.15,13-APR-2015,1852,INE722H01016
1180,RKDL,EQ,4.9,5.7,4.9,5.15,5.4,5.05,32883,174992.5,13-APR-2015,124,INE722J01012
1181,RKFORGE,EQ,534.0,582.0,534.0,572.9,571.9,525.5,331659,188392910.65,13-APR-2015,6078,INE399G01015
1182,RMCL,EQ,39.6,40.0,38.05,38.65,38.5,38.65,257610,10109947.4,13-APR-2015,1093,INE172H01014
1183,RML,EQ,377.0,399.0,377.0,393.15,395.0,376.55,9385,3648180.85,13-APR-2015,204,INE050H01012
1184,RMMIL,EQ,1.55,1.55,1.5,1.5,1.5,1.5,57249,87489.3,13-APR-2015,36,INE774I01031
1185,ROHITFERRO,EQ,7.85,8.1,7.6,8.05,8.05,7.95,48431,387396.15,13-APR-2015,104,INE248H01012
1186,ROHLTD,EQ,46.85,49.85,46.85,49.4,49.75,47.65,11504,558828.2,13-APR-2015,151,INE283H01019
1187,ROLTA,EQ,177.8,182.9,176.7,177.8,177.7,177.4,2380809,428192308.95,13-APR-2015,21007,INE293A01013
1188,ROSSELLIND,EQ,134.9,134.9,121.4,130.1,130.0,125.7,68177,8832434.65,13-APR-2015,1172,INE847C01020
1189,RPGLIFE,EQ,163.0,166.0,160.0,162.45,162.25,163.35,62064,10105214.15,13-APR-2015,1435,INE105J01010
1190,RPOWER,EQ,61.5,62.35,61.15,61.7,61.55,61.35,4904027,302939423.95,13-APR-2015,24083,INE614G01033
1191,RPPINFRA,EQ,158.0,163.2,151.0,153.5,152.95,148.4,162334,25693342.8,13-APR-2015,2576,INE324L01013
1192,RSSOFTWARE,EQ,235.5,241.3,234.6,236.15,234.9,234.45,364701,86775015.85,13-APR-2015,5951,INE165B01029
1193,RSWM,EQ,266.6,282.0,261.7,277.25,275.0,264.3,152377,42095522.55,13-APR-2015,3433,INE611A01016
1194,RSYSTEMS,EQ,92.8,95.0,91.05,93.85,94.75,92.0,51262,4758436.25,13-APR-2015,440,INE411H01032
1195,RTNINFRA,EQ,2.6,2.65,2.55,2.55,2.55,2.6,235736,612207.5,13-APR-2015,163,INE834M01019
1196,RTNPOWER,EQ,9.45,9.6,9.3,9.5,9.45,9.45,1508508,14344624.1,13-APR-2015,996,INE399K01017
1197,RUBYMILLS,EQ,305.9,314.5,304.0,312.1,310.05,301.7,4305,1334604.15,13-APR-2015,201,INE301D01026
1198,RUCHINFRA,BE,8.9,8.95,8.6,8.95,8.95,8.55,2550,22780.0,13-APR-2015,17,INE413B01023
1199,RUCHIRA,EQ,30.0,30.75,29.05,30.2,30.0,30.05,3864,115988.75,13-APR-2015,45,INE803H01014
1200,RUCHISOYA,EQ,44.65,44.95,43.9,44.1,44.0,44.55,160648,7115729.8,13-APR-2015,636,INE619A01027
1201,RUPA,EQ,220.0,225.0,216.25,218.85,220.0,220.6,1744,382885.95,13-APR-2015,77,INE895B01021
1202,RUSHIL,EQ,73.15,75.0,73.0,73.25,73.0,73.65,87355,6467165.15,13-APR-2015,364,INE573K01017
1203,SABTN,EQ,254.4,254.55,244.0,246.35,248.0,247.7,13295,3312048.2,13-APR-2015,286,INE416A01036
1204,SADBHAV,EQ,355.7,363.4,352.0,353.3,353.8,357.7,79071,28330760.6,13-APR-2015,3065,INE226H01026
1205,SAGCEM,EQ,396.0,420.0,368.05,385.25,385.0,392.35,9967,3830728.1,13-APR-2015,189,INE229C01013
1206,SAHPETRO,EQ,41.1,41.1,39.15,39.55,39.5,40.8,42673,1724033.6,13-APR-2015,163,INE586G01017
1207,SAIL,EQ,75.0,76.45,74.6,75.9,75.8,75.1,2005824,151713230.05,13-APR-2015,12054,INE114A01011
1208,SAKHTISUG,EQ,14.7,14.7,13.65,13.85,13.75,14.15,27361,380580.7,13-APR-2015,210,INE623A01011
1209,SAKSOFT,EQ,159.9,160.0,152.0,153.05,154.4,158.3,2655,411948.6,13-APR-2015,70,INE667G01015
1210,SAKUMA,EQ,23.1,26.9,22.25,26.9,26.9,22.45,22966,595632.25,13-APR-2015,112,INE190H01016
1211,SALORAINTL,EQ,53.0,62.0,53.0,62.0,62.0,51.7,18930,1144270.7,13-APR-2015,181,INE924A01013
1212,SALSTEEL,EQ,2.15,2.15,2.0,2.05,2.05,2.1,12014,25040.4,13-APR-2015,26,INE658G01014
1213,SAMTEL,EQ,0.7,0.75,0.65,0.65,0.65,0.7,185287,124396.35,13-APR-2015,41,INE381A01016
1214,SANDESH,EQ,530.4,563.0,530.4,553.65,551.05,528.8,3327,1846415.65,13-APR-2015,249,INE583B01015
1215,SANGAMIND,EQ,82.0,87.0,82.0,84.9,85.5,82.4,12358,1051952.1,13-APR-2015,212,INE495C01010
1216,SANGHIIND,EQ,62.0,62.4,58.55,60.9,61.0,60.8,114399,6922091.85,13-APR-2015,811,INE999B01013
1217,SANGHVIFOR,EQ,60.5,70.9,59.9,70.9,70.9,59.1,375323,26038938.95,13-APR-2015,2104,INE263L01013
1218,SANGHVIMOV,EQ,306.8,309.7,296.6,299.85,301.0,292.1,604222,182724173.5,13-APR-2015,9260,INE989A01024
1219,SANOFI,EQ,3395.0,3400.05,3351.1,3386.25,3390.0,3389.7,57626,195678735.1,13-APR-2015,1584,INE058A01010
1220,SANWARIA,EQ,6.9,6.9,6.65,6.7,6.65,6.75,19482,131074.3,13-APR-2015,83,INE890C01046
1221,SARDAEN,EQ,159.75,178.3,158.15,160.25,159.8,157.9,40966,6674944.35,13-APR-2015,903,INE385C01013
1222,SAREGAMA,EQ,160.0,162.0,150.05,152.9,152.25,156.95,27888,4403590.35,13-APR-2015,506,INE979A01017
1223,SARLAPOLY,EQ,467.45,480.0,462.2,469.5,469.9,456.95,11264,5313764.15,13-APR-2015,327,INE453D01017
1224,SASKEN,EQ,249.95,260.0,242.4,248.9,249.5,249.95,168713,42619147.05,13-APR-2015,4155,INE231F01020
1225,SATHAISPAT,EQ,41.1,42.5,41.0,41.15,41.15,41.05,5943,246678.65,13-APR-2015,33,INE176C01016
1226,SBBJ,EQ,599.95,602.0,590.75,594.75,592.55,594.0,9373,5612021.1,13-APR-2015,534,INE648A01026
1227,SBIGETS,EQ,2495.0,2508.0,2491.1,2496.5,2495.0,2493.3,1990,4971339.65,13-APR-2015,317,INF200K01099
1228,SBIN,EQ,287.8,288.5,283.35,286.3,285.5,285.75,11985436,3425301804.05,13-APR-2015,108287,INE062A01020
1229,SBIN,N1,10160.0,10160.0,10105.0,10128.4,10122.0,10161.07,40,404744.05,13-APR-2015,12,INE062A08017
1230,SBIN,N2,10455.1,10516.1,10455.1,10516.1,10516.1,10444.0,28,293839.9,13-APR-2015,3,INE062A08025
1231,SBIN,N3,10450.0,10450.0,10400.01,10435.99,10435.99,10435.57,114,1187545.38,13-APR-2015,44,INE062A08033
1232,SBIN,N5,10851.01,10895.0,10851.01,10876.29,10870.1,10857.8,237,2576148.0,13-APR-2015,42,INE062A08058
1233,SBT,EQ,456.95,459.95,452.0,455.85,453.25,456.15,7372,3357928.35,13-APR-2015,217,INE654A01024
1234,SCHNEIDER,EQ,222.45,228.9,220.3,222.15,221.9,221.75,109720,24527656.1,13-APR-2015,1697,INE839M01018
1235,SCI,EQ,51.5,52.95,51.25,52.0,52.0,51.2,318560,16587070.55,13-APR-2015,3557,INE109A01011
1236,SDAFIIIGR,MF,9.1,9.48,9.1,9.23,9.48,9.21,1400,12930.0,13-APR-2015,2,INF200K012J1
1237,SDBL,EQ,202.7,212.0,200.0,205.9,206.0,203.4,21830,4484801.8,13-APR-2015,283,INE480C01012
1238,SEAMECLTD,EQ,93.1,101.25,93.1,97.85,97.8,93.95,48916,4815022.9,13-APR-2015,635,INE497B01018
1239,SEINV,EQ,373.0,390.0,363.0,369.05,375.0,372.7,15311,5717326.9,13-APR-2015,603,INE420C01042
1240,SELAN,EQ,249.4,254.6,245.25,251.1,250.2,244.95,103496,25851426.8,13-APR-2015,2090,INE818A01017
1241,SELMCL,EQ,3.65,4.0,3.65,3.9,3.9,3.7,351503,1356595.4,13-APR-2015,297,INE105I01012
1242,SEPOWER,EQ,5.1,6.0,5.1,6.0,6.0,5.05,620,3552.5,13-APR-2015,10,INE735M01018
1243,SERVALL,EQ,2.45,2.45,2.0,2.15,2.1,2.5,74306,154582.5,13-APR-2015,56,INE431L01016
1244,SESHAPAPER,EQ,199.55,201.9,194.0,198.15,198.0,199.5,1356,269008.25,13-APR-2015,69,INE630A01016
1245,SETFBANK,EQ,188.35,188.35,187.25,187.25,187.25,184.5,40,7501.0,13-APR-2015,5,INF200KA1580
1246,SETFNIFJR,EQ,202.0,202.6,201.5,201.5,201.5,201.5,46,9303.5,13-APR-2015,4,INF200KA1598
1247,SEZAL,EQ,4.05,4.45,4.05,4.25,4.25,4.25,1865,7959.25,13-APR-2015,9,INE955I01036
1248,SFCL,EQ,177.25,177.25,171.6,172.85,172.0,174.15,148468,25893573.65,13-APR-2015,836,INE935O01010
1249,SGFL,BE,3.45,3.45,3.45,3.45,3.45,3.3,5,17.25,13-APR-2015,1,INE883G01018
1250,SGJHL,EQ,17.65,19.05,17.35,17.8,17.9,17.8,66346,1200246.4,13-APR-2015,456,INE553K01019
1251,SGL,BE,2.25,2.25,2.25,2.25,2.25,2.35,1,2.25,13-APR-2015,1,INE353H01010
1252,SHAHALLOYS,EQ,4.6,5.1,4.25,4.9,5.1,4.65,3428,15632.75,13-APR-2015,17,INE640C01011
1253,SHAKTIPUMP,EQ,208.1,212.0,207.55,209.15,209.0,210.75,47428,9929492.9,13-APR-2015,833,INE908D01010
1254,SHALPAINTS,EQ,156.4,158.5,149.3,154.9,156.05,155.45,106100,16322613.85,13-APR-2015,2263,INE849C01026
1255,SHANTIGEAR,EQ,126.5,126.5,122.0,122.75,122.15,123.9,30213,3736520.2,13-APR-2015,724,INE631A01022
1256,SHARDACROP,EQ,358.0,408.8,358.0,399.15,397.4,355.35,1257240,493958611.85,13-APR-2015,30470,INE221J01015
1257,SHARIABEES,EQ,194.5,194.5,189.2,193.7,193.7,193.9,260,49934.4,13-APR-2015,5,INF732E01128
1258,SHARONBIO,EQ,22.65,23.35,22.5,23.35,23.35,21.25,831669,19276076.75,13-APR-2015,1852,INE028B01029
1259,SHASUNPHAR,EQ,375.45,377.45,366.55,373.0,372.2,373.65,164675,61340314.25,13-APR-2015,3123,INE317A01028
1260,SHEMAROO,EQ,196.4,198.6,195.0,197.9,197.95,194.65,24647,4845581.05,13-APR-2015,421,INE363M01019
1261,SHILPAMED,EQ,994.7,994.7,972.0,980.95,982.0,986.85,11740,11518578.65,13-APR-2015,885,INE790G01023
1262,SHILPI,EQ,42.9,44.35,42.8,43.5,43.35,42.7,52076,2262555.3,13-APR-2015,392,INE510K01019
1263,SHIRPUR-G,EQ,71.95,71.95,68.65,70.9,71.0,68.35,8196,572376.3,13-APR-2015,103,INE196B01016
1264,SHIV-VANI,EQ,10.9,10.9,10.1,10.25,10.4,10.6,60264,639535.35,13-APR-2015,216,INE756B01017
1265,SHIVAMAUTO,EQ,110.0,122.15,109.0,117.0,117.25,104.45,1927317,225346576.45,13-APR-2015,21145,INE637H01024
1266,SHIVTEX,EQ,42.0,44.8,42.0,42.95,43.0,42.05,12144,522577.25,13-APR-2015,110,INE705C01012
1267,SHLAKSHMI,BE,4.6,5.0,4.6,4.7,4.7,4.8,7591,35482.85,13-APR-2015,13,INE851B01016
1268,SHOPERSTOP,EQ,393.45,395.0,383.45,385.2,385.65,392.85,14667,5693729.7,13-APR-2015,668,INE498B01024
1269,SHREECEM,EQ,10970.0,10970.0,10310.05,10437.65,10460.0,10803.2,20188,211052448.95,13-APR-2015,6801,INE070A01015
1270,SHREERAMA,BE,4.7,4.7,4.7,4.7,4.7,4.7,6796,31941.2,13-APR-2015,8,INE879A01019
1271,SHRENUJ,EQ,48.5,48.5,43.5,46.4,46.75,45.5,79825,3651559.95,13-APR-2015,234,INE633A01028
1272,SHREYANIND,EQ,32.1,36.05,32.1,32.75,32.75,34.15,902,30880.75,13-APR-2015,9,INE231C01019
1273,SHREYAS,EQ,566.15,566.15,522.2,566.15,566.15,539.2,72124,40250058.0,13-APR-2015,1276,INE757B01015
1274,SHRIASTER,EQ,7.6,8.3,7.1,8.15,8.15,7.8,10415,82906.9,13-APR-2015,67,INE900K01012
1275,SHRIRAMCIT,EQ,1939.45,1940.0,1882.0,1904.2,1890.0,1896.4,10435,19920054.8,13-APR-2015,3760,INE722A01011
1276,SHRIRAMCIT,N3,1039.0,1044.0,1037.01,1037.58,1037.01,1040.02,310,322216.75,13-APR-2015,11,INE722A07216
1277,SHRIRAMCIT,N7,995.15,995.15,995.15,995.15,995.15,998.96,20,19903.0,13-APR-2015,1,INE722A07414
1278,SHRIRAMCIT,N8,1020.0,1020.0,1020.0,1020.0,1020.0,1014.4,2,2040.0,13-APR-2015,1,INE722A07422
1279,SHRIRAMCIT,N9,1295.5,1297.25,1295.5,1297.25,1297.25,1293.5,190,246290.0,13-APR-2015,4,INE722A07430
1280,SHRIRAMCIT,,1310.0,1310.0,1300.05,1300.05,1300.05,1310.0,50,65201.5,13-APR-2015,3,INE722A07448
1281,SHRIRAMCIT,ND,1036.01,1036.01,1036.01,1036.01,1036.01,1050.0,44,45584.44,13-APR-2015,3,INE722A07471
1282,SHRIRAMCIT,NF,1102.0,1102.0,1102.0,1102.0,1102.0,1101.0,11,12122.0,13-APR-2015,1,INE722A07497
1283,SHRIRAMCIT,NG,1137.0,1139.0,1137.0,1137.0,1137.0,1137.0,150,170600.0,13-APR-2015,5,INE722A07505
1284,SHRIRAMCIT,NH,1079.0,1079.0,1078.9,1078.9,1078.9,1090.0,100,107896.0,13-APR-2015,6,INE722A07513
1285,SHRIRAMEPC,EQ,42.75,46.9,42.55,45.25,44.75,39.55,760394,34206944.95,13-APR-2015,5200,INE964H01014
1286,SHYAMTEL,EQ,34.1,35.1,33.65,33.75,33.75,34.4,4322,147163.2,13-APR-2015,78,INE635A01023
1287,SICAGEN,EQ,13.4,13.95,13.15,13.55,13.5,13.55,5132,70016.9,13-APR-2015,44,INE176J01011
1288,SICAL,EQ,171.9,172.0,166.0,167.75,168.0,168.5,52419,8834409.95,13-APR-2015,513,INE075B01012
1289,SIEMENS,EQ,1456.8,1457.0,1420.2,1441.35,1434.3,1447.35,248479,357910546.15,13-APR-2015,18260,INE003A01024
1290,SIGNET,EQ,119.95,132.0,115.0,123.65,125.0,110.0,1230,151067.2,13-APR-2015,49,INE529F01019
1291,SIIL,SM,61.0,63.0,61.0,63.0,63.0,62.5,4000,248000.0,13-APR-2015,2,INE971P01012
1292,SIL,BE,22.25,24.5,22.25,24.35,24.5,23.35,16608,401433.55,13-APR-2015,52,INE173A01025
1293,SILINV,EQ,71.8,72.15,68.65,70.75,70.75,72.15,475,33536.25,13-APR-2015,8,INE923A01015
1294,SIMBHSUGAR,EQ,10.45,11.15,10.45,10.85,10.8,10.85,2782,30442.6,13-APR-2015,39,INE270C01017
1295,SIMPLEX,EQ,40.25,43.0,37.35,39.0,39.0,39.85,2847,110928.7,13-APR-2015,52,INE898F01018
1296,SIMPLEXINF,EQ,453.0,457.95,449.0,450.15,450.0,452.0,6616,2983886.05,13-APR-2015,241,INE059B01024
1297,SINTEX,EQ,121.3,125.8,120.75,121.3,121.3,120.85,5334736,656772467.05,13-APR-2015,28624,INE429C01035
1298,SIRPAPER,EQ,11.5,12.2,11.45,11.75,11.95,11.8,1253,14676.2,13-APR-2015,23,INE202C01010
1299,SITASHREE,BE,20.0,20.85,19.2,19.7,19.7,19.9,5470,109470.0,13-APR-2015,25,INE686I01011
1300,SITICABLE,EQ,36.55,37.25,36.5,37.0,37.0,36.95,238560,8824624.6,13-APR-2015,969,INE965H01011
1301,SIYSIL,EQ,970.7,988.0,940.0,945.35,955.0,967.8,3256,3128010.05,13-APR-2015,342,INE076B01010
1302,SJVN,EQ,25.45,25.45,25.1,25.25,25.35,25.1,981513,24776224.45,13-APR-2015,697,INE002L01015
1303,SKFINDIA,EQ,1493.0,1494.0,1467.0,1475.35,1470.0,1467.25,4840,7155505.2,13-APR-2015,553,INE640A01023
1304,SKIL,EQ,39.4,39.85,38.1,38.3,38.2,38.3,38714,1506768.95,13-APR-2015,156,INE429F01012
1305,SKMEGGPROD,EQ,180.8,193.95,178.6,181.4,181.1,178.6,314313,58583631.65,13-APR-2015,4243,INE411D01015
1306,SKSMICRO,EQ,511.7,519.1,505.3,507.6,506.7,509.85,874815,449002438.25,13-APR-2015,20769,INE180K01011
1307,SKUMARSYNF,BZ,2.75,2.75,2.6,2.75,2.65,2.65,53657,146492.75,13-APR-2015,49,INE772A01016
1308,SMARTLINK,EQ,71.75,72.5,70.1,70.65,70.2,70.95,18201,1301599.3,13-APR-2015,236,INE178C01020
1309,SMLISUZU,EQ,1484.95,1592.0,1482.0,1536.9,1529.0,1481.6,112445,174735881.5,13-APR-2015,7793,INE294B01019
1310,SMPL,EQ,3.1,3.4,3.1,3.3,3.25,3.2,229974,745850.1,13-APR-2015,234,INE215G01021
1311,SMSPHARMA,EQ,624.0,635.0,616.5,625.5,623.15,619.5,9535,5996703.15,13-APR-2015,650,INE812G01017
1312,SNOWMAN,EQ,91.5,94.0,91.5,93.55,93.85,91.4,1372957,127644790.25,13-APR-2015,11752,INE734N01019
1313,SOBHA,EQ,462.1,463.75,440.2,442.1,441.25,460.65,129331,57899643.15,13-APR-2015,6534,INE671H01015
1314,SOFTTECHGR,BE,2.35,2.55,2.35,2.4,2.55,2.45,1460,3531.0,13-APR-2015,4,INE863A01013
1315,SOLARINDS,EQ,3800.0,3819.0,3710.3,3799.35,3809.0,3692.15,1680,6372614.7,13-APR-2015,478,INE343H01011
1316,SOMANYCERA,EQ,453.8,454.0,445.0,449.55,453.0,445.15,10544,4735223.6,13-APR-2015,483,INE355A01028
1317,SONASTEER,EQ,58.7,59.45,57.1,57.6,57.6,58.45,107847,6294735.45,13-APR-2015,767,INE643A01035
1318,SONATSOFTW,EQ,176.1,180.35,176.1,178.2,178.95,175.8,196675,35076393.05,13-APR-2015,4046,INE269A01021
1319,SOTL,EQ,577.95,584.9,567.0,570.55,573.0,579.75,4813,2752320.95,13-APR-2015,134,INE035D01012
1320,SOUTHBANK,EQ,25.95,26.15,25.0,25.4,25.4,25.95,5079793,129216898.1,13-APR-2015,11325,INE683A01023
1321,SPARC,EQ,501.5,504.9,491.25,498.25,497.55,499.65,1140630,568934621.7,13-APR-2015,20996,INE232I01014
1322,SPECIALITY,EQ,191.4,194.8,188.0,191.8,192.85,191.4,11327,2161385.8,13-APR-2015,348,INE247M01014
1323,SPENTEX,EQ,3.65,4.0,3.65,4.0,4.0,3.95,1100,4360.0,13-APR-2015,4,INE376C01020
1324,SPIC,EQ,20.1,20.45,19.75,20.1,20.1,20.05,263265,5274986.2,13-APR-2015,742,INE147A01011
1325,SPICEMOBI,EQ,27.4,27.9,26.55,26.95,26.7,27.4,5300,144006.8,13-APR-2015,68,INE927C01020
1326,SPLIL,EQ,11.4,11.4,10.05,10.05,10.05,10.4,1514,15931.4,13-APR-2015,7,INE978G01016
1327,SPMLINFRA,EQ,79.0,80.95,76.4,79.35,79.65,77.55,901,70856.3,13-APR-2015,51,INE937A01023
1328,SPYL,EQ,0.9,0.95,0.9,0.95,0.95,0.9,17434,15857.3,13-APR-2015,8,INE268L01020
1329,SQSBFSI,EQ,610.0,674.8,606.85,663.55,667.25,599.5,255130,166377969.2,13-APR-2015,4572,INE201K01015
1330,SREEL,EQ,186.0,186.0,186.0,186.0,186.0,186.0,6,1116.0,13-APR-2015,1,INE099F01013
1331,SREINFRA,EQ,46.8,46.95,46.0,46.25,46.25,46.55,295978,13734526.5,13-APR-2015,1540,INE872A01014
1332,SREINFRA,NJ,985.0,1004.0,985.0,1004.0,1004.0,990.0,335,330640.0,13-APR-2015,3,INE872A07SQ9
1333,SREINFRA,NP,1100.0,1100.0,1100.0,1100.0,1100.0,1100.0,30,33000.0,13-APR-2015,1,INE872A07SV9
1334,SRF,EQ,1026.45,1051.75,1008.0,1018.7,1022.5,1020.4,55588,57194037.3,13-APR-2015,2808,INE647A01010
1335,SRGINFOTEC,BE,0.3,0.35,0.3,0.35,0.35,0.3,10777,3760.15,13-APR-2015,9,INE376A01032
1336,SRHHYPOLTD,EQ,49.5,53.0,46.2,49.9,49.9,48.6,1696,86600.1,13-APR-2015,36,INE917H01012
1337,SRIPIPES,EQ,145.5,153.8,145.5,153.0,153.65,145.3,213827,32464234.85,13-APR-2015,3107,INE943C01027
1338,SRSLTD,EQ,24.7,24.7,24.0,24.2,24.25,24.35,115060,2789722.5,13-APR-2015,455,INE219H01039
1339,SRTRANSFIN,EQ,1139.0,1157.1,1135.0,1144.1,1144.8,1136.35,311435,356683322.55,13-APR-2015,22383,INE721A01013
1340,SRTRANSFIN,NF,1620.11,1620.11,1620.11,1620.11,1620.11,1695.0,17,27541.87,13-APR-2015,1,INE721A08984
1341,SRTRANSFIN,NG,1610.0,1610.0,1610.0,1610.0,1610.0,1450.0,74,119140.0,13-APR-2015,1,INE721A08976
1342,SRTRANSFIN,NL,1028.0,1028.0,1025.0,1028.0,1028.0,1026.03,880,902985.9,13-APR-2015,23,INE721A07AV6
1343,SRTRANSFIN,NM,1013.1,1013.1,1013.0,1013.02,1013.0,1011.06,40,40521.0,13-APR-2015,2,INE721A07AW4
1344,SRTRANSFIN,NS,1021.2,1021.2,1014.0,1020.0,1020.0,1013.06,94,95454.05,13-APR-2015,7,INE721A07DM9
1345,SRTRANSFIN,NT,1300.2,1301.35,1290.0,1301.35,0.0,1296.35,325,421938.75,13-APR-2015,6,INE721A07DN7
1346,SRTRANSFIN,NU,1325.0,1340.0,1325.0,1340.0,1340.0,1333.1,550,729500.0,13-APR-2015,7,INE721A07DO5
1347,SRTRANSFIN,NW,1003.0,1007.0,1000.01,1006.67,1007.0,1008.65,345,346656.2,13-APR-2015,19,INE721A07FV5
1348,SRTRANSFIN,NX,994.0,1009.0,994.0,1009.0,1009.0,1009.0,26,26124.0,13-APR-2015,3,INE721A07FW3
1349,SRTRANSFIN,NY,1170.1,1170.1,1170.1,1170.1,1170.1,1160.0,100,117010.0,13-APR-2015,3,INE721A07FX1
1350,SRTRANSFIN,NZ,1174.0,1180.8,1174.0,1180.8,1180.8,1158.0,20,23548.0,13-APR-2015,2,INE721A07FY9
1351,SRTRANSFIN,Y1,1015.0,1019.95,1010.0,1019.61,1019.0,1010.25,268,272079.13,13-APR-2015,23,INE721A07GR1
1352,SRTRANSFIN,Y3,1045.0,1050.0,1045.0,1050.0,1050.0,1049.0,65,68149.8,13-APR-2015,4,INE721A07GT7
1353,SRTRANSFIN,Y6,1219.8,1225.0,1219.8,1225.0,1225.0,1180.0,138,168924.55,13-APR-2015,8,INE721A07GW1
1354,SRTRANSFIN,Y7,1068.5,1070.0,1068.5,1070.0,1070.0,1066.0,120,128370.0,13-APR-2015,3,INE721A07HH0
1355,SRTRANSFIN,Y9,1108.0,1113.0,1108.0,1113.0,1113.0,1114.99,130,144115.0,13-APR-2015,3,INE721A07HJ6
1356,SRTRANSFIN,YB,1025.0,1025.0,1025.0,1025.0,1025.0,1025.0,1,1025.0,13-APR-2015,1,INE721A07HL2
1357,SRTRANSFIN,YC,1035.11,1051.1,1035.11,1050.55,1051.1,1012.0,100,104283.0,13-APR-2015,3,INE721A07HM0
1358,SRTRANSFIN,YG,1100.0,1100.0,1100.0,1100.0,1100.0,1100.0,9,9900.0,13-APR-2015,1,INE721A07HO6
1359,SSLT,EQ,201.65,202.35,198.0,200.55,201.0,202.35,2956701,592393561.9,13-APR-2015,22546,INE205A01025
1360,SSWL,EQ,323.95,343.0,316.1,327.95,326.1,320.95,20520,6797771.55,13-APR-2015,905,INE802C01017
1361,STAN,DR,97.0,97.0,95.85,96.3,96.0,97.15,4713,455436.85,13-APR-2015,88,INE028L21018
1362,STAR,EQ,1207.0,1217.5,1180.95,1203.85,1201.0,1202.9,343766,412775043.65,13-APR-2015,14918,INE939A01011
1363,STARPAPER,EQ,21.75,22.1,21.1,21.65,21.3,21.8,12345,266006.05,13-APR-2015,97,INE733A01018
1364,STCINDIA,EQ,162.5,166.1,160.55,161.3,161.1,161.5,150954,24584909.4,13-APR-2015,2697,INE655A01013
1365,STEL,BE,25.95,25.95,25.9,25.95,25.95,24.75,4800,124545.0,13-APR-2015,10,INE577L01016
1366,STERLINBIO,EQ,6.6,6.65,6.1,6.4,6.35,6.5,253309,1651395.55,13-APR-2015,473,INE324C01038
1367,STERTOOLS,EQ,276.0,296.0,276.0,294.35,296.0,282.3,1695,495396.3,13-APR-2015,117,INE334A01015
1368,STOREONE,EQ,33.8,34.0,27.65,30.5,30.2,30.85,43684,1330326.2,13-APR-2015,305,INE034H01016
1369,STRTECH,EQ,66.3,67.45,64.6,65.6,65.6,65.55,1778457,117687379.45,13-APR-2015,9318,INE089C01029
1370,STYABS,EQ,662.3,686.0,662.3,682.25,675.5,662.3,14262,9654224.05,13-APR-2015,723,INE189B01011
1371,SUBEX,EQ,14.15,14.5,13.5,13.6,13.6,14.1,3221304,44585382.45,13-APR-2015,6303,INE754A01014
1372,SUBROS,EQ,65.1,74.25,65.1,69.4,69.7,65.05,380167,26549674.65,13-APR-2015,3489,INE287B01021
1373,SUDAR,EQ,26.1,26.1,25.35,25.65,25.75,25.6,57820,1492272.7,13-APR-2015,232,INE384L01017
1374,SUDARSCHEM,EQ,108.5,110.45,106.2,108.8,108.5,107.0,52587,5725730.5,13-APR-2015,1019,INE659A01023
1375,SUJANATWR,EQ,15.45,16.0,14.55,15.85,16.0,15.05,220903,3450694.35,13-APR-2015,620,INE333I01036
1376,SUJANAUNI,EQ,1.65,1.75,1.6,1.7,1.7,1.65,422375,702622.45,13-APR-2015,187,INE216G01011
1377,SUMEETINDS,EQ,13.1,13.8,13.1,13.4,13.3,13.25,78769,1059560.25,13-APR-2015,411,INE235C01010
1378,SUMMITSEC,EQ,250.0,280.0,240.95,273.8,275.0,258.95,11694,3194982.1,13-APR-2015,423,INE519C01017
1379,SUNCLAYLTD,EQ,1837.7,1839.0,1792.0,1804.6,1792.0,1811.35,1039,1886127.6,13-APR-2015,243,INE105A01035
1380,SUNDARAM,EQ,2.8,2.8,2.8,2.8,2.8,2.7,35633,99772.4,13-APR-2015,18,INE108E01023
1381,SUNDARMFIN,EQ,1639.85,1639.85,1581.05,1594.75,1581.05,1596.9,8020,12837929.95,13-APR-2015,1824,INE660A01013
1382,SUNDRMBRAK,EQ,335.05,346.05,331.3,339.25,340.6,330.15,3547,1207756.1,13-APR-2015,198,INE073D01013
1383,SUNDRMFAST,EQ,200.6,202.0,199.5,200.05,200.0,200.25,122354,24514648.3,13-APR-2015,2698,INE387A01021
1384,SUNFLAG,EQ,22.3,23.5,22.3,22.6,22.65,22.3,47366,1082550.05,13-APR-2015,235,INE947A01014
1385,SUNILHITEC,EQ,169.9,181.0,168.0,177.2,177.55,168.25,210367,37021080.15,13-APR-2015,4025,INE305H01010
1386,SUNPHARMA,EQ,1120.1,1157.9,1112.7,1150.95,1154.7,1119.75,2036205,2316395322.55,13-APR-2015,67875,INE044A01036
1387,SUNTECK,EQ,300.0,326.9,293.1,301.05,300.0,282.7,188737,58419122.35,13-APR-2015,4606,INE805D01026
1388,SUNTV,EQ,393.7,395.7,388.05,392.5,392.75,391.25,1084644,427163764.55,13-APR-2015,20091,INE424H01027
1389,SUPERHOUSE,EQ,233.95,238.45,229.95,231.2,231.0,234.6,4685,1085684.6,13-APR-2015,257,INE712B01010
1390,SUPERSPIN,EQ,6.0,6.85,6.0,6.5,6.6,6.0,16870,112214.8,13-APR-2015,67,INE662A01027
1391,SUPPETRO,EQ,71.0,71.0,69.0,70.0,70.0,70.0,24460,1708722.55,13-APR-2015,105,INE663A01017
1392,SUPRAJIT,EQ,123.3,126.8,120.0,120.7,120.15,123.3,90006,10951155.6,13-APR-2015,1018,INE399C01030
1393,SUPREMEIND,EQ,735.0,739.9,717.85,725.55,721.05,735.35,26224,19204286.85,13-APR-2015,2263,INE195A01028
1394,SUPREMEINF,EQ,230.2,238.8,229.5,232.45,234.0,229.5,16824,3933850.05,13-APR-2015,417,INE550H01011
1395,SUPREMETEX,EQ,6.05,6.05,5.75,6.05,6.05,5.8,8220,49254.0,13-APR-2015,15,INE651G01027
1396,SURANACORP,EQ,8.55,8.95,8.55,8.55,8.55,8.75,311,2659.45,13-APR-2015,4,INE357D01010
1397,SURANASOL,EQ,70.8,70.8,69.15,69.5,69.15,70.0,98807,6878511.95,13-APR-2015,152,INE272L01022
1398,SURANAT&P,EQ,14.55,14.95,13.8,14.15,14.0,13.95,45444,647784.85,13-APR-2015,201,INE130B01031
1399,SURYAJYOTI,EQ,7.8,7.85,6.5,7.35,7.35,6.75,2395,17596.45,13-APR-2015,19,INE411C01017
1400,SURYALAXMI,EQ,89.4,90.8,89.1,90.05,90.8,89.1,4381,395392.35,13-APR-2015,75,INE713B01026
1401,SURYAPHARM,BZ,0.2,0.25,0.15,0.25,0.25,0.2,183102,30510.95,13-APR-2015,28,INE249G01020
1402,SURYAROSNI,EQ,119.95,126.8,119.05,123.0,123.3,119.65,273706,33922863.25,13-APR-2015,3095,INE335A01012
1403,SUTLEJTEX,EQ,368.3,383.8,368.0,378.7,380.0,373.15,26518,10013578.2,13-APR-2015,367,INE645H01019
1404,SUVEN,EQ,319.35,331.6,317.0,327.9,328.25,318.55,1355674,442072191.35,13-APR-2015,17386,INE495B01038
1405,SUZLON,EQ,28.4,28.7,27.95,28.2,28.2,28.25,37909429,1072882358.4,13-APR-2015,77131,INE040H01021
1406,SWANENERGY,EQ,60.5,61.3,60.0,60.35,60.3,60.2,539832,32598142.75,13-APR-2015,2777,INE665A01038
1407,SWARAJENG,EQ,893.9,895.0,850.0,868.95,869.95,885.65,6617,5748007.55,13-APR-2015,640,INE277A01016
1408,SWELECTES,EQ,537.5,549.8,534.95,536.85,536.0,537.6,6083,3282537.1,13-APR-2015,263,INE409B01013
1409,SYMPHONY,EQ,2985.2,2997.2,2850.0,2921.25,2915.0,2985.2,53352,156094751.35,13-APR-2015,5985,INE225D01027
1410,SYNCOM,EQ,6.6,6.7,6.4,6.6,6.6,6.6,79683,521027.15,13-APR-2015,205,INE602K01014
1411,SYNDIBANK,EQ,107.5,110.75,106.65,109.35,109.35,106.85,1922988,209783790.6,13-APR-2015,14952,INE667A01018
1412,TAINWALCHM,EQ,21.4,22.0,21.4,22.0,22.0,22.0,150,3240.0,13-APR-2015,2,INE123C01018
1413,TAJGVK,EQ,75.95,76.3,73.55,74.5,73.65,75.3,27763,2087700.5,13-APR-2015,424,INE586B01026
1414,TAKE,EQ,134.0,134.9,128.4,132.3,132.1,133.8,239352,31708788.3,13-APR-2015,3114,INE142I01023
1415,TALBROAUTO,EQ,152.0,158.45,150.05,153.8,155.0,150.4,33819,5233737.65,13-APR-2015,697,INE187D01011
1416,TALWALKARS,EQ,368.95,375.4,357.0,358.75,359.0,366.55,199726,73441849.95,13-APR-2015,4769,INE502K01016
1417,TANLA,EQ,17.05,18.75,17.0,18.05,18.1,17.1,439573,7963588.9,13-APR-2015,1313,INE483C01032
1418,TANTIACONS,EQ,25.05,29.9,24.8,28.8,29.3,26.2,62788,1714127.35,13-APR-2015,505,INE388G01018
1419,TARAJEWELS,EQ,66.55,66.55,65.2,65.55,65.4,65.0,4463,293493.65,13-APR-2015,95,INE799L01016
1420,TARAPUR,EQ,5.9,6.9,5.8,6.2,6.1,5.75,15702,97799.95,13-APR-2015,42,INE747K01017
1421,TARMAT,EQ,28.55,29.0,28.5,29.0,29.0,30.0,60,1721.0,13-APR-2015,3,INE924H01018
1422,TATACHEM,EQ,450.8,458.9,450.0,452.2,453.05,450.35,409208,186136607.95,13-APR-2015,8085,INE092A01019
1423,TATACOFFEE,EQ,97.5,97.95,95.55,96.3,96.05,95.75,1068179,103090270.4,13-APR-2015,8722,INE493A01027
1424,TATACOMM,EQ,451.0,466.6,451.0,463.85,464.6,450.85,1001429,461899312.8,13-APR-2015,19138,INE151A01013
1425,TATAELXSI,EQ,1332.2,1357.0,1311.55,1323.3,1323.15,1330.55,434932,581297230.3,13-APR-2015,17376,INE670A01012
1426,TATAGLOBAL,EQ,161.65,162.75,158.6,161.5,160.55,161.2,3122578,501783083.0,13-APR-2015,19344,INE192A01025
1427,TATAINVEST,EQ,591.35,600.95,587.1,589.2,589.0,589.65,22180,13126621.85,13-APR-2015,1138,INE672A01018
1428,TATAMETALI,EQ,133.15,134.7,131.6,132.3,132.7,132.95,167146,22276048.0,13-APR-2015,2276,INE056C01010
1429,TATAMOTORS,EQ,563.0,563.9,552.45,556.25,556.15,562.65,2889208,1606307690.0,13-APR-2015,87262,INE155A01022
1430,TATAMTRDVR,EQ,352.95,356.45,347.2,354.65,353.25,351.1,1504187,531786376.45,13-APR-2015,21849,IN9155A01020
1431,TATAPOWER,EQ,79.2,80.45,78.9,80.15,79.95,78.9,2412265,192898683.75,13-APR-2015,11918,INE245A01021
1432,TATASPONGE,EQ,843.9,852.45,816.1,820.3,820.6,841.95,519943,434583912.8,13-APR-2015,18088,INE674A01014
1433,TATASTEEL,EQ,344.25,348.25,341.1,345.2,345.1,342.7,3442898,1189067592.55,13-APR-2015,58668,INE081A01012
1434,TBZ,EQ,153.15,158.95,153.0,155.3,155.2,152.95,41387,6466455.55,13-APR-2015,973,INE760L01018
1435,TCFSL,N9,1220.0,1220.0,1220.0,1220.0,1220.0,1198.0,10,12200.0,13-APR-2015,1,INE306N07BN4
1436,TCI,EQ,289.55,296.7,282.0,285.95,285.8,287.9,102756,29756099.6,13-APR-2015,2673,INE688A01022
1437,TCIDEVELOP,EQ,285.0,299.0,285.0,288.95,298.7,294.55,477,137079.65,13-APR-2015,23,INE662L01016
1438,TCIFINANCE,EQ,37.3,39.5,36.25,38.75,38.95,37.2,49457,1898686.75,13-APR-2015,197,INE911B01018
1439,TCS,EQ,2664.0,2665.0,2628.0,2655.5,2653.85,2653.75,654321,1734011442.1,13-APR-2015,54293,INE467B01029
1440,TDPOWERSYS,EQ,375.0,414.0,365.1,388.35,389.0,371.05,207907,82106914.15,13-APR-2015,3924,INE419M01019
1441,TECHIN,EQ,4.65,4.65,4.65,4.65,4.65,4.6,1502,6984.3,13-APR-2015,5,INE778A01021
1442,TECHM,EQ,664.7,674.4,650.65,664.4,663.75,660.2,1357726,902452452.05,13-APR-2015,49743,INE669C01036
1443,TECHNO,EQ,401.1,401.1,393.05,396.05,395.0,403.25,2331,925639.9,13-APR-2015,145,INE286K01024
1444,TECHNOFAB,EQ,179.25,184.4,177.8,178.3,178.0,177.55,3477,626055.1,13-APR-2015,57,INE509K01011
1445,TECPRO,BE,11.9,12.0,11.5,11.6,11.6,11.6,10458,122986.9,13-APR-2015,33,INE904H01010
1446,TEXINFRA,EQ,39.1,40.95,38.1,40.5,40.6,38.05,272354,10909027.0,13-APR-2015,1499,INE435C01024
1447,TEXMOPIPES,EQ,12.45,12.7,12.2,12.7,12.7,12.1,87417,1091550.75,13-APR-2015,260,INE141K01013
1448,TEXRAIL,EQ,151.25,157.0,150.35,154.1,154.0,150.05,558580,85910788.4,13-APR-2015,6293,INE621L01012
1449,TFCILTD,EQ,77.75,82.9,74.9,82.45,82.5,76.7,1048811,84719974.95,13-APR-2015,6251,INE305A01015
1450,TFL,EQ,6.55,6.6,6.5,6.5,6.5,6.0,40,262.0,13-APR-2015,3,INE804H01012
1451,TGBHOTELS,EQ,137.0,143.05,137.0,140.35,142.0,138.9,157152,22074080.7,13-APR-2015,1199,INE797H01018
1452,THANGAMAYL,EQ,202.0,204.0,196.5,202.95,204.0,205.0,194,38830.45,13-APR-2015,18,INE085J01014
1453,THEMISMED,BE,141.0,148.95,141.0,142.5,142.5,147.9,377,53897.25,13-APR-2015,7,INE083B01016
1454,THERMAX,EQ,1088.7,1094.3,1073.0,1077.6,1075.0,1085.35,17847,19296081.45,13-APR-2015,1816,INE152A01029
1455,THIRUSUGAR,EQ,29.0,29.0,27.8,28.25,28.2,28.75,2105,59437.8,13-APR-2015,34,INE409A01015
1456,THOMASCOOK,EQ,235.0,235.0,225.0,228.0,228.2,235.1,325057,74084660.65,13-APR-2015,12041,INE332A01027
1457,TI,EQ,26.3,26.6,25.1,25.4,25.2,26.15,561817,14509596.75,13-APR-2015,1748,INE133E01013
1458,TIDEWATER,EQ,14800.0,15025.0,14741.1,14810.7,14850.0,14677.65,1044,15546802.0,13-APR-2015,417,INE484C01014
1459,TIIL,EQ,275.0,284.05,265.0,271.9,273.0,274.35,99474,27590761.7,13-APR-2015,1656,INE545H01011
1460,TIJARIA,EQ,2.95,2.95,2.95,2.95,2.95,2.85,25,73.75,13-APR-2015,1,INE440L01017
1461,TIL,EQ,533.95,533.95,512.05,520.6,520.0,529.3,5262,2741995.7,13-APR-2015,474,INE806C01018
1462,TIMBOR,EQ,6.0,6.0,6.0,6.0,6.0,6.05,11000,66000.0,13-APR-2015,5,INE346L01016
1463,TIMESGTY,EQ,22.05,24.5,22.0,24.5,24.5,23.25,1528,33747.0,13-APR-2015,5,INE289C01025
1464,TIMETECHNO,EQ,49.5,50.5,49.2,50.0,50.25,49.75,185374,9237872.15,13-APR-2015,891,INE508G01029
1465,TIMKEN,EQ,649.0,654.3,643.0,645.75,645.0,643.5,62078,40193744.8,13-APR-2015,2526,INE325A01013
1466,TINPLATE,EQ,62.75,64.15,61.25,63.75,63.2,62.6,199161,12556570.65,13-APR-2015,2042,INE422C01014
1467,TIPSINDLTD,EQ,47.0,48.7,46.1,47.75,47.5,46.15,9442,448394.9,13-APR-2015,100,INE716B01011
1468,TIRUMALCHM,EQ,91.7,100.0,91.7,98.4,99.0,93.15,50654,4973736.55,13-APR-2015,596,INE338A01016
1469,TITAN,EQ,401.0,418.45,401.0,414.85,414.55,400.55,1399618,578558070.15,13-APR-2015,18148,INE280A01028
1470,TNPETRO,EQ,14.05,14.55,14.05,14.2,14.2,14.45,6211,88713.75,13-APR-2015,36,INE148A01019
1471,TNPL,EQ,133.0,135.5,132.9,134.75,135.5,132.15,47201,6354876.05,13-APR-2015,561,INE107A01015
1472,TNTELE,BE,4.05,4.05,4.05,4.05,4.05,4.25,4,16.2,13-APR-2015,1,INE141D01018
1473,TODAYS,EQ,2.45,2.5,2.45,2.45,2.45,2.4,300,740.0,13-APR-2015,6,INE944B01019
1474,TOKYOPLAST,EQ,24.0,24.5,22.6,23.4,23.4,22.95,4853,113333.0,13-APR-2015,49,INE932C01012
1475,TORNTPHARM,EQ,1252.0,1300.0,1252.0,1274.8,1272.0,1244.3,118714,152145832.8,13-APR-2015,9801,INE685A01028
1476,TORNTPOWER,EQ,162.25,173.0,162.25,171.5,170.7,162.6,598965,101125030.25,13-APR-2015,7651,INE813H01021
1477,TREEHOUSE,EQ,408.55,414.0,405.0,408.9,405.1,410.1,19075,7822963.8,13-APR-2015,1026,INE040M01013
1478,TRENT,EQ,1416.0,1430.0,1387.5,1390.8,1389.9,1412.1,6257,8763562.6,13-APR-2015,842,INE849A01012
1479,TRF,EQ,367.7,396.5,365.55,383.15,383.1,366.6,87125,33491897.05,13-APR-2015,2851,INE391D01019
1480,TRICOM,EQ,1.65,1.65,1.65,1.65,1.65,1.6,1353,2232.45,13-APR-2015,3,INE771B01032
1481,TRIDENT,EQ,25.45,26.6,25.05,26.1,25.9,25.1,370479,9564216.0,13-APR-2015,961,INE064C01014
1482,TRIGYN,EQ,41.75,43.45,41.7,42.8,42.55,41.75,66546,2836184.45,13-APR-2015,573,INE948A01012
1483,TRIL,EQ,251.55,264.7,251.55,261.1,260.0,252.3,25639,6682678.5,13-APR-2015,795,INE763I01018
1484,TRITURBINE,EQ,133.0,135.0,130.45,131.6,131.9,132.7,29543,3935416.05,13-APR-2015,530,INE152M01016
1485,TRIVENI,EQ,19.05,19.55,19.05,19.2,19.15,19.05,30447,588744.0,13-APR-2015,128,INE256C01024
1486,TTKPRESTIG,EQ,3699.9,3745.0,3604.0,3644.3,3667.9,3683.5,18668,68782888.75,13-APR-2015,4684,INE690A01010
1487,TTL,EQ,51.0,60.0,50.5,57.4,57.25,51.8,200012,11199966.85,13-APR-2015,1559,INE592B01016
1488,TTML,EQ,8.1,8.5,8.0,8.1,8.2,8.2,1829678,15094221.25,13-APR-2015,1586,INE517B01013
1489,TUBEINVEST,EQ,367.25,375.0,367.0,372.3,371.7,367.55,58523,21772681.65,13-APR-2015,1063,INE149A01025
1490,TULSI,EQ,3.9,3.9,3.55,3.75,3.75,3.5,10122,38908.3,13-APR-2015,17,INE474I01012
1491,TV18BRDCST,EQ,36.15,37.45,35.45,36.55,36.8,36.1,5864450,215485153.0,13-APR-2015,9853,INE886H01027
1492,TVSELECT,EQ,43.75,45.8,42.5,44.1,44.2,43.6,25034,1115170.35,13-APR-2015,293,INE236G01019
1493,TVSMOTOR,EQ,258.5,260.9,253.5,254.85,254.0,256.95,3447397,883338611.1,13-APR-2015,33298,INE494B01023
1494,TVSSRICHAK,EQ,2034.0,2060.0,1952.25,2011.35,2010.0,2026.45,18999,38218806.45,13-APR-2015,2361,INE421C01016
1495,TVTODAY,EQ,242.0,244.55,235.35,236.7,237.4,241.0,229851,55283627.0,13-APR-2015,4636,INE038F01029
1496,TWL,EQ,604.0,619.7,584.0,593.0,590.5,603.0,499069,301758339.75,13-APR-2015,17583,INE615H01012
1497,UBENGG,BZ,5.75,5.75,5.75,5.75,5.75,6.0,145,833.75,13-APR-2015,2,INE328C01013
1498,UBHOLDINGS,EQ,22.35,22.85,22.3,22.5,22.35,22.45,162950,3688361.4,13-APR-2015,784,INE696A01025
1499,UBL,EQ,1142.0,1174.0,1141.05,1164.8,1161.9,1142.3,196949,227904018.65,13-APR-2015,11618,INE686F01025
1500,UCALFUEL,EQ,114.0,117.5,113.8,116.05,116.1,113.7,40775,4735886.55,13-APR-2015,426,INE139B01016
1501,UCOBANK,EQ,68.3,69.1,67.7,68.3,68.3,67.7,994774,68011460.75,13-APR-2015,6736,INE691A01018
1502,UFLEX,EQ,127.05,131.35,127.0,129.05,128.8,128.0,93388,12064049.8,13-APR-2015,1693,INE516A01017
1503,UGARSUGAR,BE,8.15,8.4,8.05,8.35,8.4,8.0,6757,55701.0,13-APR-2015,22,INE071E01023
1504,UJAAS,EQ,18.75,19.0,18.25,18.65,18.7,18.2,309008,5764853.2,13-APR-2015,902,INE899L01022
1505,ULTRACEMCO,EQ,2970.0,3028.9,2952.35,3001.45,2990.05,2969.05,238104,713601203.65,13-APR-2015,28568,INE481G01011
1506,UMESLTD,EQ,3.05,3.45,3.05,3.3,3.3,3.45,1253,4219.85,13-APR-2015,10,INE240C01028
1507,UNICHEMLAB,EQ,209.85,214.2,209.0,211.85,213.0,209.25,32167,6801298.05,13-APR-2015,765,INE351A01035
1508,UNIENTER,EQ,38.25,40.0,36.9,38.05,38.5,37.35,49402,1910124.05,13-APR-2015,366,INE037A01022
1509,UNIONBANK,EQ,161.8,166.0,161.8,163.9,163.55,161.25,2444271,401084466.35,13-APR-2015,22334,INE692A01016
1510,UNIPLY,BE,28.95,28.95,28.95,28.95,28.95,30.45,18950,548602.5,13-APR-2015,32,INE950G01015
1511,UNITECH,EQ,17.7,18.05,17.6,17.8,17.8,17.6,27634931,493757004.7,13-APR-2015,24584,INE694A01020
1512,UNITEDBNK,EQ,30.6,31.2,30.6,30.85,30.85,30.45,833994,25747337.05,13-APR-2015,4618,INE695A01019
1513,UNITEDTEA,EQ,191.5,202.0,191.5,202.0,202.0,201.5,302,60892.5,13-APR-2015,4,INE458F01011
1514,UNITY,EQ,19.7,20.65,19.4,20.3,20.35,19.6,188944,3827738.05,13-APR-2015,853,INE466H01028
1515,UNIVCABLES,BE,39.0,41.85,39.0,40.7,39.6,40.95,110,4307.25,13-APR-2015,3,INE279A01012
1516,UPERGANGES,EQ,39.5,39.5,37.2,37.3,37.35,39.7,1518,58250.9,13-APR-2015,40,INE018B01012
1517,UPL,EQ,464.95,478.4,462.6,474.7,475.3,463.4,3325753,1572880603.5,13-APR-2015,72804,INE628A01036
1518,USHAMART,EQ,24.3,24.5,23.8,23.95,23.85,24.05,135166,3265276.4,13-APR-2015,658,INE228A01035
1519,USHERAGRO,EQ,48.0,48.75,47.0,48.35,48.1,47.9,56088,2687818.65,13-APR-2015,265,INE235G01011
1520,UTTAMSTL,EQ,54.5,54.8,53.05,53.55,53.35,52.75,205132,11016186.95,13-APR-2015,2447,INE699A01011
1521,UTTAMSUGAR,EQ,12.6,12.95,12.25,12.95,12.95,12.35,3813,48290.75,13-APR-2015,22,INE786F01031
1522,UTTAMVALUE,EQ,4.45,4.9,4.45,4.55,4.55,4.4,97426,446842.65,13-APR-2015,214,INE292A01015
1523,V2RETAIL,EQ,41.35,41.35,39.5,41.35,41.35,39.4,7348,303376.8,13-APR-2015,56,INE945H01013
1524,VADILALIND,EQ,297.0,356.75,297.0,354.4,356.75,297.3,382975,130257603.6,13-APR-2015,9775,INE694D01016
1525,VAIBHAVGBL,EQ,810.05,820.0,800.5,816.6,820.0,813.0,11687,9541070.1,13-APR-2015,253,INE884A01019
1526,VAKRANGEE,EQ,135.4,138.5,129.0,130.45,131.0,133.75,1211037,160955141.2,13-APR-2015,8675,INE051B01021
1527,VALECHAENG,EQ,102.3,107.4,101.8,103.15,103.8,101.6,278643,29133206.1,13-APR-2015,1812,INE624C01015
1528,VALUEIND,EQ,10.1,11.15,10.05,10.4,10.5,10.0,5238,54696.55,13-APR-2015,48,INE352A01017
1529,VARDHACRLC,EQ,24.5,26.85,24.5,26.2,26.85,26.05,51120,1331014.15,13-APR-2015,185,INE116G01013
1530,VARDMNPOLY,EQ,44.0,48.0,44.0,47.75,47.0,44.9,7136,333481.95,13-APR-2015,127,INE835A01011
1531,VARUN,BZ,2.75,2.75,2.75,2.75,2.75,2.85,4117,11321.75,13-APR-2015,16,INE032G01012
1532,VARUNSHIP,EQ,4.5,4.8,4.45,4.5,4.5,4.5,499289,2275552.75,13-APR-2015,553,INE702A01013
1533,VASCONEQ,EQ,23.1,26.1,22.75,25.65,26.0,24.0,34515,864351.5,13-APR-2015,110,INE893I01013
1534,VASWANI,EQ,3.35,3.35,3.05,3.05,3.05,2.8,3230,10210.9,13-APR-2015,5,INE590L01019
1535,VENKEYS,EQ,347.0,353.65,344.05,345.1,344.2,346.95,26225,9139589.9,13-APR-2015,1138,INE398A01010
1536,VENUSREM,EQ,170.6,202.05,170.6,200.6,202.05,168.4,3063357,585064699.15,13-APR-2015,41664,INE411B01019
1537,VESUVIUS,EQ,767.0,803.95,767.0,794.85,800.0,767.1,8859,7001329.2,13-APR-2015,779,INE386A01015
1538,VETO,SM,73.95,74.0,73.0,74.0,74.0,72.0,18150,1329652.5,13-APR-2015,10,INE918N01018
1539,VGUARD,EQ,1020.0,1028.8,987.95,994.3,991.75,1021.4,26699,26952437.95,13-APR-2015,2118,INE951I01019
1540,VHL,EQ,765.0,844.9,765.0,839.45,844.75,774.0,2087,1663281.4,13-APR-2015,39,INE701A01023
1541,VICEROY,EQ,17.85,18.3,17.35,18.0,17.9,17.7,59217,1066400.95,13-APR-2015,320,INE048C01017
1542,VIDEOIND,EQ,157.4,158.65,156.1,156.9,156.8,157.3,201026,31627297.3,13-APR-2015,1414,INE703A01011
1543,VIJAYABANK,EQ,47.85,48.0,47.35,47.55,47.7,47.55,279836,13323787.2,13-APR-2015,1128,INE705A01016
1544,VIJSHAN,EQ,10.1,10.6,9.9,10.3,10.3,10.05,47918,490205.95,13-APR-2015,153,INE806F01011
1545,VIKASGLOB,EQ,7.6,7.6,6.45,6.5,6.5,6.5,17315,114151.5,13-APR-2015,70,INE806A01020
1546,VIMALOIL,EQ,226.9,227.0,217.0,220.35,217.0,227.2,29307,6589776.6,13-APR-2015,93,INE067D01015
1547,VIMTALABS,EQ,79.9,81.5,76.45,79.6,78.7,77.8,143846,11412253.05,13-APR-2015,2085,INE579C01029
1548,VINATIORGA,EQ,623.0,635.0,610.0,621.4,625.0,618.8,35490,22029995.75,13-APR-2015,2021,INE410B01029
1549,VINDHYATEL,EQ,502.75,515.0,499.2,514.15,511.0,505.0,2448,1244301.1,13-APR-2015,49,INE707A01012
1550,VINYLINDIA,EQ,77.15,80.0,77.1,78.85,78.95,77.05,18973,1497082.55,13-APR-2015,308,INE250B01029
1551,VIPIND,EQ,103.8,108.8,102.9,106.45,106.35,103.15,583589,61725699.25,13-APR-2015,5392,INE054A01027
1552,VISAKAIND,EQ,104.25,110.0,104.2,108.5,109.4,104.6,21563,2334346.65,13-APR-2015,491,INE392A01013
1553,VISASTEEL,EQ,22.95,22.95,19.6,19.6,19.6,21.75,98557,1983596.6,13-APR-2015,456,INE286H01012
1554,VISESHINFO,EQ,0.15,0.15,0.1,0.1,0.15,0.15,673730,77015.45,13-APR-2015,52,INE861A01058
1555,VISHNU,EQ,176.0,177.0,170.0,171.05,170.0,170.0,3950,683425.0,13-APR-2015,23,INE270I01014
1556,VISUINTL,EQ,0.65,0.65,0.65,0.65,0.65,0.8,1549,1006.85,13-APR-2015,4,INE965A01016
1557,VIVIDHA,EQ,1389.9,1499.95,1350.0,1356.75,1351.0,1341.6,8377,11635211.25,13-APR-2015,1044,INE370E01029
1558,VIVIMEDLAB,EQ,357.75,369.35,357.75,364.35,366.0,364.05,18173,6656275.15,13-APR-2015,545,INE526G01013
1559,VKSPL,EQ,0.2,0.2,0.15,0.2,0.2,0.2,2105574,419218.45,13-APR-2015,39,INE213M01024
1560,VLSFINANCE,EQ,42.0,43.45,41.5,41.85,41.9,41.5,60289,2553220.3,13-APR-2015,402,INE709A01018
1561,VMART,EQ,550.05,567.95,550.0,565.0,564.05,560.15,7436,4187341.95,13-APR-2015,206,INE665J01013
1562,VOLTAMP,EQ,682.55,700.0,673.0,683.55,684.45,678.15,4783,3297752.55,13-APR-2015,382,INE540H01012
1563,VOLTAS,EQ,307.85,310.3,302.2,303.35,303.3,306.05,2534441,775804895.8,13-APR-2015,47615,INE226A01021
1564,VSSL,EQ,35.0,37.0,35.0,36.75,37.0,34.65,6350,229394.0,13-APR-2015,30,INE050M01012
1565,VSTIND,EQ,1715.0,1717.0,1666.0,1682.4,1679.0,1713.4,8153,13849653.55,13-APR-2015,244,INE710A01016
1566,VSTTILLERS,EQ,1337.85,1401.05,1300.0,1357.65,1367.5,1308.5,14624,19721559.8,13-APR-2015,824,INE764D01017
1567,VTL,EQ,593.15,712.1,593.15,689.7,712.1,593.45,215071,144754524.9,13-APR-2015,6228,INE825A01012
1568,WABAG,EQ,790.0,810.5,773.0,787.0,791.0,780.8,69912,55043256.1,13-APR-2015,3555,INE956G01038
1569,WABCOINDIA,EQ,5800.0,5834.35,5700.0,5747.8,5750.0,5722.1,12313,70802152.65,13-APR-2015,574,INE342J01019
1570,WALCHANNAG,EQ,212.4,217.5,209.8,213.15,212.9,211.5,354683,75823903.1,13-APR-2015,5374,INE711A01022
1571,WANBURY,BE,73.3,75.0,71.7,73.3,73.1,75.35,36987,2724385.2,13-APR-2015,223,INE107F01022
1572,WEBELSOLAR,EQ,26.0,26.2,24.1,24.5,24.65,25.25,46573,1159680.05,13-APR-2015,243,INE855C01015
1573,WEIZFOREX,EQ,323.0,323.0,315.0,315.0,315.0,324.05,2541,806249.9,13-APR-2015,37,INE726L01019
1574,WEIZMANIND,EQ,13.35,14.0,12.5,13.5,13.5,13.4,285,3620.45,13-APR-2015,6,INE080A01014
1575,WELCORP,EQ,59.75,62.9,59.75,60.55,60.85,59.3,154504,9442631.3,13-APR-2015,1181,INE191B01025
1576,WELENTRP,EQ,332.15,355.0,315.95,352.3,348.0,340.15,4908,1693141.85,13-APR-2015,255,INE072P01019
1577,WELINV,EQ,36.6,40.0,36.6,39.1,39.45,38.85,433,16779.7,13-APR-2015,24,INE389K01018
1578,WELPROJ,EQ,29.5,32.45,29.5,31.6,31.5,29.75,26388,827195.2,13-APR-2015,118,INE625G01013
1579,WELSPUNIND,EQ,402.35,436.9,402.0,428.3,428.95,397.75,395013,167442622.6,13-APR-2015,7281,INE192B01023
1580,WENDT,EQ,1754.95,1790.0,1720.0,1768.35,1779.8,1729.8,407,711776.6,13-APR-2015,72,INE274C01019
1581,WHEELS,EQ,1338.95,1345.95,1300.0,1307.95,1311.65,1334.85,8714,11492635.4,13-APR-2015,961,INE715A01015
1582,WHIRLPOOL,EQ,797.0,798.95,775.0,783.4,781.0,792.6,51358,40334519.0,13-APR-2015,2041,INE716A01013
1583,WILLAMAGOR,EQ,75.0,76.35,74.05,74.7,75.5,74.35,5078,381695.45,13-APR-2015,76,INE210A01017
1584,WINDMACHIN,EQ,25.0,25.8,23.5,24.05,23.95,24.6,19339,484792.4,13-APR-2015,157,INE052A01021
1585,WINSOME,EQ,1.1,1.25,1.1,1.2,1.2,1.25,31700,37885.0,13-APR-2015,5,INE784B01035
1586,WIPRO,EQ,618.9,625.75,614.85,624.2,624.15,617.7,866150,538130057.25,13-APR-2015,22303,INE075A01022
1587,WOCKPHARMA,EQ,1877.0,1889.9,1850.0,1862.9,1850.1,1894.25,810421,1516550517.45,13-APR-2015,29842,INE049B01025
1588,WONDERLA,EQ,283.65,291.0,282.6,288.5,287.5,282.4,143546,41389550.75,13-APR-2015,2657,INE066O01014
1589,WSI,EQ,11.8,11.8,11.8,11.8,11.8,11.8,146,1722.8,13-APR-2015,3,INE100D01014
1590,WSTCSTPAPR,EQ,54.5,56.15,54.05,54.4,54.25,53.8,214470,11794993.75,13-APR-2015,1190,INE976A01021
1591,XCHANGING,EQ,32.0,33.0,31.5,32.2,31.55,33.4,13578,433640.2,13-APR-2015,91,INE692G01013
1592,XLENERGY,EQ,2.9,2.95,2.9,2.9,2.9,2.7,2901,8487.95,13-APR-2015,8,INE183H01011
1593,XPROINDIA,EQ,31.85,32.5,31.85,32.0,32.0,31.75,1801,57686.45,13-APR-2015,27,INE445C01015
1594,YESBANK,EQ,843.9,846.8,835.65,841.7,838.55,842.6,1972159,1659085067.05,13-APR-2015,64999,INE528G01019
1595,ZANDUREALT,EQ,1727.4,1759.0,1702.65,1712.5,1714.5,1722.2,2630,4543166.6,13-APR-2015,660,INE719A01017
1596,ZEEL,EQ,350.4,350.4,342.95,346.75,346.5,347.15,1800659,622459183.0,13-APR-2015,29881,INE256A01028
1597,ZEEL,P1,0.8,0.8,0.8,0.8,0.8,0.85,5081,4064.8,13-APR-2015,7,INE256A04014
1598,ZEELEARN,EQ,37.75,38.0,35.6,35.9,36.4,37.85,6618534,242447711.65,13-APR-2015,4918,INE565L01011
1599,ZEEMEDIA,EQ,22.1,22.45,20.9,21.15,21.15,22.15,1497897,32607431.1,13-APR-2015,4070,INE966H01019
1600,ZENITHBIR,EQ,0.9,0.95,0.9,0.95,0.95,0.95,5261,4761.2,13-APR-2015,9,INE318D01020
1601,ZENSARTECH,EQ,756.0,760.0,738.35,751.6,753.0,744.45,44322,33384405.7,13-APR-2015,3089,INE520A01019
1602,ZENTEC,EQ,79.65,79.65,74.35,77.25,76.65,79.2,206972,15938770.4,13-APR-2015,1772,INE251B01027
1603,ZICOM,EQ,167.5,177.0,165.0,170.95,170.55,167.65,57282,9816558.75,13-APR-2015,1391,INE871B01014
1604,ZODIACLOTH,EQ,262.0,281.1,262.0,280.25,280.0,276.95,922,254745.75,13-APR-2015,44,INE206B01013
1605,ZODJRDMKJ,EQ,39.7,40.0,38.3,39.75,40.0,41.95,216,8298.2,13-APR-2015,10,INE077B01018
1606,ZUARI,EQ,254.1,254.1,248.0,249.7,249.7,248.8,2516,630400.95,13-APR-2015,122,INE840M01016
1607,ZUARIGLOB,EQ,104.0,105.0,100.7,101.7,100.7,104.65,2862,292690.05,13-APR-2015,104,INE217A01012
1608,ZYDUSWELL,EQ,1044.7,1048.9,1018.0,1023.45,1027.0,1040.3,21497,22176201.15,13-APR-2015,1397,INE768C01010
1609,ZYLOG,EQ,5.0,5.25,5.0,5.25,5.25,5.0,83483,437467.15,13-APR-2015,169,INE225I01026
